2016-03-23-3-15-24pm,1458717324148,1458717324095,2016-03-23-3-15-24pm,network,1.2894039,103.804638,53.781,-1.0,-1.0,-1.0
2016-03-23-3-15-44pm,1458717344379,1458717344154,2016-03-23-3-15-44pm,network,1.2893776,103.804616,26.034,-1.0,-1.0,-1.0
2016-03-23-3-16-04pm,1458717364236,1458717364198,2016-03-23-3-16-04pm,network,1.2893753,103.8045717,25.684,-1.0,-1.0,-1.0
2016-03-23-3-16-24pm,1458717384212,1458717384172,2016-03-23-3-16-24pm,network,1.2893589,103.8046195,27.795,-1.0,-1.0,-1.0
2016-03-23-3-16-44pm,1458717404200,1458717404162,2016-03-23-3-16-44pm,network,1.289397,103.804626,21.299,-1.0,-1.0,-1.0
2016-03-23-3-17-10pm,1458717430383,1458717430327,2016-03-23-3-17-10pm,network,1.2893872,103.8045809,24.65,-1.0,-1.0,-1.0
2016-03-23-3-17-30pm,1458717450469,1458717450338,2016-03-23-3-17-30pm,network,1.2893855,103.8046034,25.089,-1.0,-1.0,-1.0
2016-03-23-3-17-41pm,1458717461081,1458717461048,2016-03-23-3-17-41pm,network,1.2893884,103.8046338,53.567,-1.0,-1.0,-1.0
2016-03-23-3-17-49pm,1458717469625,1458717471250,2016-03-23-3-17-51pm,gps,1.2900005388844031,103.8047086294744,96.0,36.50295663622221,25.712599,0.52985173
2016-03-23-3-17-56pm,1458717476776,1458717476740,2016-03-23-3-17-56pm,network,1.2893698,103.8046271,53.507,-1.0,-1.0,-1.0
2016-03-23-3-18-10pm,1458717490374,1458717492000,2016-03-23-3-18-12pm,gps,1.2900862683598961,103.80471780250579,16.0,38.51799393533968,-1.0,0.0
2016-03-23-3-18-16pm,1458717496759,1458717496720,2016-03-23-3-18-16pm,network,1.2893852,103.8046275,25.603,-1.0,-1.0,-1.0
2016-03-23-3-18-30pm,1458717510401,1458717512000,2016-03-23-3-18-32pm,gps,1.2900862683598961,103.80471780250579,24.0,46.24845836339386,-1.0,0.0
2016-03-23-3-18-36pm,1458717516800,1458717516763,2016-03-23-3-18-36pm,network,1.289372,103.8046075,55.279,-1.0,-1.0,-1.0
2016-03-23-3-18-50pm,1458717530382,1458717532000,2016-03-23-3-18-52pm,gps,1.2899520362399413,103.80477266933305,24.0,47.1878162452374,-1.0,0.0
2016-03-23-3-18-56pm,1458717536813,1458717536759,2016-03-23-3-18-56pm,network,1.2893867,103.8046123,25.138,-1.0,-1.0,-1.0
2016-03-23-3-19-10pm,1458717550379,1458717552000,2016-03-23-3-19-12pm,gps,1.2899520362399413,103.80477266933305,16.0,48.34122609359334,-1.0,0.0
2016-03-23-3-19-18pm,1458717558084,1458717558034,2016-03-23-3-19-18pm,network,1.2893747,103.8045983,25.998,-1.0,-1.0,-1.0
2016-03-23-3-19-30pm,1458717570379,1458717572000,2016-03-23-3-19-32pm,gps,1.2899520362399413,103.80477266933305,8.0,49.00009716007577,-1.0,0.0
2016-03-23-3-19-38pm,1458717578095,1458717578042,2016-03-23-3-19-38pm,network,1.2893946,103.8046192,24.568,-1.0,-1.0,-1.0
2016-03-23-3-19-50pm,1458717590384,1458717592000,2016-03-23-3-19-52pm,gps,1.28986956953592,103.80479122307425,24.0,49.219935578750835,-1.0,0.5078221
2016-03-23-3-19-58pm,1458717598276,1458717598115,2016-03-23-3-19-58pm,network,1.2893664,103.8045813,24.084,-1.0,-1.0,-1.0
2016-03-23-3-20-10pm,1458717610386,1458717612000,2016-03-23-3-20-12pm,gps,1.28974756421228,103.80480164333865,24.0,49.080324232921576,-1.0,0.0
2016-03-23-3-20-18pm,1458717618103,1458717618063,2016-03-23-3-20-18pm,network,1.2893723,103.804581,26.025,-1.0,-1.0,-1.0
2016-03-23-3-20-30pm,1458717630380,1458717632000,2016-03-23-3-20-32pm,gps,1.2896877002805476,103.80480539487141,32.0,49.10264231285871,-1.0,0.29786673
2016-03-23-3-20-38pm,1458717638142,1458717638086,2016-03-23-3-20-38pm,network,1.2893661,103.8046213,53.891,-1.0,-1.0,-1.0
2016-03-23-3-20-50pm,1458717650379,1458717652000,2016-03-23-3-20-52pm,gps,1.2896717017980466,103.80479617081309,32.0,48.86676823123876,-1.0,0.0018079877
2016-03-23-3-20-58pm,1458717658134,1458717658096,2016-03-23-3-20-58pm,network,1.2894368,103.8045806,21.863,-1.0,-1.0,-1.0
2016-03-23-3-21-19pm,1458717679762,1458717679683,2016-03-23-3-21-19pm,network,1.2893779,103.8045973,27.0,-1.0,-1.0,-1.0
2016-03-23-3-21-39pm,1458717699819,1458717699765,2016-03-23-3-21-39pm,network,1.2894859,103.8046161,26.0,-1.0,-1.0,-1.0
2016-03-23-3-21-59pm,1458717719877,1458717719837,2016-03-23-3-21-59pm,network,1.2894341,103.8045842,22.135,-1.0,-1.0,-1.0
2016-03-23-3-22-19pm,1458717739841,1458717739807,2016-03-23-3-22-19pm,network,1.2894442,103.8045696,21.039,-1.0,-1.0,-1.0
2016-03-23-3-22-39pm,1458717759830,1458717759787,2016-03-23-3-22-39pm,network,1.2894583,103.8045723,22.272,-1.0,-1.0,-1.0
2016-03-23-3-22-59pm,1458717779940,1458717779863,2016-03-23-3-22-59pm,network,1.2894638,103.8046195,26.0,-1.0,-1.0,-1.0
2016-03-23-3-23-19pm,1458717799989,1458717799942,2016-03-23-3-23-19pm,network,1.289451,103.804588,21.432,-1.0,-1.0,-1.0
2016-03-23-3-23-39pm,1458717819954,1458717819890,2016-03-23-3-23-39pm,network,1.289472,103.804638,23.467,-1.0,-1.0,-1.0
2016-03-23-3-23-59pm,1458717839998,1458717839967,2016-03-23-3-23-59pm,network,1.2894776,103.8046161,26.0,-1.0,-1.0,-1.0
2016-03-23-3-24-19pm,1458717859989,1458717859914,2016-03-23-3-24-19pm,network,1.2894569,103.8046197,25.0,-1.0,-1.0,-1.0
2016-03-23-3-24-40pm,1458717880043,1458717879997,2016-03-23-3-24-39pm,network,1.2894395,103.8045586,20.792,-1.0,-1.0,-1.0
2016-03-23-3-24-59pm,1458717899808,1458717899769,2016-03-23-3-24-59pm,network,1.2894445,103.8045874,22.64,-1.0,-1.0,-1.0
2016-03-23-3-25-20pm,1458717920123,1458717920044,2016-03-23-3-25-20pm,network,1.2894526,103.804597,21.525,-1.0,-1.0,-1.0
2016-03-23-3-25-40pm,1458717940188,1458717940131,2016-03-23-3-25-40pm,network,1.2894469,103.8046177,20.995,-1.0,-1.0,-1.0
2016-03-23-3-26-00pm,1458717960129,1458717960081,2016-03-23-3-26-00pm,network,1.2894495,103.8046179,21.236,-1.0,-1.0,-1.0
2016-03-23-3-26-20pm,1458717980268,1458717980169,2016-03-23-3-26-20pm,network,1.289486,103.8046198,30.0,-1.0,-1.0,-1.0
2016-03-23-3-26-40pm,1458718000182,1458718000135,2016-03-23-3-26-40pm,network,1.2894771,103.8046138,23.778,-1.0,-1.0,-1.0
2016-03-23-3-27-00pm,1458718020212,1458718020183,2016-03-23-3-27-00pm,network,1.2894826,103.8046185,25.0,-1.0,-1.0,-1.0
2016-03-23-3-27-20pm,1458718040205,1458718040149,2016-03-23-3-27-20pm,network,1.2894627,103.8045807,24.0,-1.0,-1.0,-1.0
2016-03-23-3-27-40pm,1458718060256,1458718060222,2016-03-23-3-27-40pm,network,1.2894775,103.8046147,26.0,-1.0,-1.0,-1.0
2016-03-23-3-28-00pm,1458718080223,1458718080186,2016-03-23-3-28-00pm,network,1.2894467,103.8045854,22.512,-1.0,-1.0,-1.0
2016-03-23-3-28-20pm,1458718100200,1458718100162,2016-03-23-3-28-20pm,network,1.2894597,103.8046195,26.0,-1.0,-1.0,-1.0
2016-03-23-3-28-40pm,1458718120301,1458718120250,2016-03-23-3-28-40pm,network,1.2894882,103.8045868,24.874,-1.0,-1.0,-1.0
2016-03-23-3-29-19pm,1458718159974,1458718156977,2016-03-23-3-29-16pm,network,1.2911949,103.8069549,800.0,-1.0,-1.0,-1.0
2016-03-23-3-29-40pm,1458718180902,1458718180424,2016-03-23-3-29-40pm,network,1.2890558,103.8044478,65.028,-1.0,-1.0,-1.0
2016-03-23-3-29-56pm,1458718196282,1458718192383,2016-03-23-3-29-52pm,network,1.2893956,103.8044375,93.753,-1.0,-1.0,-1.0
2016-03-23-3-30-16pm,1458718216116,1458718204343,2016-03-23-3-30-04pm,network,1.2889739,103.8039943,27.0,-1.0,-1.0,-1.0
2016-03-23-3-30-37pm,1458718237197,1458718224317,2016-03-23-3-30-24pm,network,1.2889922,103.8043283,67.731,-1.0,-1.0,-1.0
2016-03-23-3-30-51pm,1458718251378,1458718252999,2016-03-23-3-30-52pm,gps,1.288331733647832,103.80440722168073,24.0,35.99958800228514,-1.0,0.8890442
2016-03-23-3-31-00pm,1458718260497,1458718260302,2016-03-23-3-31-00pm,network,1.2885609,103.8043273,27.0,-1.0,-1.0,-1.0
2016-03-23-3-31-11pm,1458718271392,1458718272999,2016-03-23-3-31-12pm,gps,1.2883948989559537,103.80438512360224,16.0,36.838662286414895,152.73326,0.46002507
2016-03-23-3-31-20pm,1458718280847,1458718280817,2016-03-23-3-31-20pm,network,1.28843,103.8044786,34.697,-1.0,-1.0,-1.0
2016-03-23-3-31-31pm,1458718291376,1458718292999,2016-03-23-3-31-32pm,gps,1.2884282303832084,103.80453312529998,24.0,35.93051674377026,158.31487,0.04036475
2016-03-23-3-31-37pm,1458718297549,1458718292803,2016-03-23-3-31-32pm,network,1.2885513,103.8045867,69.636,-1.0,-1.0,-1.0
2016-03-23-3-31-51pm,1458718311384,1458718312999,2016-03-23-3-31-52pm,gps,1.2886685516466299,103.80475596981768,16.0,36.99306912650765,47.016712,0.8384527
2016-03-23-3-31-57pm,1458718317642,1458718312753,2016-03-23-3-31-52pm,network,1.288704,103.8047611,34.589,-1.0,-1.0,-1.0
2016-03-23-3-32-11pm,1458718331396,1458718332999,2016-03-23-3-32-12pm,gps,1.2888005049026083,103.80491340636577,24.0,39.62726034583349,50.473648,0.63486934
2016-03-23-3-32-21pm,1458718341444,1458718341420,2016-03-23-3-32-21pm,network,1.2888191,103.8048166,40.5,-1.0,-1.0,-1.0
2016-03-23-3-32-32pm,1458718352394,1458718353999,2016-03-23-3-32-33pm,gps,1.2889816625968122,103.80494834710214,12.0,39.00219711294791,21.107914,0.8577375
2016-03-23-3-32-37pm,1458718357766,1458718353414,2016-03-23-3-32-33pm,network,1.2888169,103.8049098,40.172,-1.0,-1.0,-1.0
2016-03-23-3-32-52pm,1458718372383,1458718373999,2016-03-23-3-32-53pm,gps,1.2890600649812196,103.805140043756,12.0,34.50309156362386,53.351505,0.82998824
2016-03-23-3-32-57pm,1458718377728,1458718373358,2016-03-23-3-32-53pm,network,1.2890542,103.8049591,28.0,-1.0,-1.0,-1.0
2016-03-23-3-33-12pm,1458718392389,1458718393999,2016-03-23-3-33-13pm,gps,1.2891677498350451,103.80529045490654,8.0,30.60547982259445,39.647102,0.9959497
2016-03-23-3-33-21pm,1458718401998,1458718401619,2016-03-23-3-33-21pm,network,1.2892488,103.8051886,73.306,-1.0,-1.0,-1.0
2016-03-23-3-33-32pm,1458718412385,1458718413999,2016-03-23-3-33-33pm,gps,1.289241435048329,103.80539539774713,16.0,32.26374875094215,55.100185,0.92950445
2016-03-23-3-33-37pm,1458718417856,1458718413605,2016-03-23-3-33-33pm,network,1.2893522,103.8052819,24.0,-1.0,-1.0,-1.0
2016-03-23-3-33-52pm,1458718432397,1458718433999,2016-03-23-3-33-53pm,gps,1.2895791250142243,103.8054461629913,24.0,35.404573647641,5.791885,0.8827587
2016-03-23-3-33-57pm,1458718437874,1458718433562,2016-03-23-3-33-53pm,network,1.2892604,103.8051916,25.0,-1.0,-1.0,-1.0
2016-03-23-3-34-12pm,1458718452398,1458718453999,2016-03-23-3-34-13pm,gps,1.2898335881731788,103.80532434349526,16.0,42.15701368050012,326.8877,0.7812937
2016-03-23-3-34-22pm,1458718462415,1458718463999,2016-03-23-3-34-23pm,gps,1.2898956698385027,103.80517946368546,32.0,44.78199760969254,314.50507,0.9035783
2016-03-23-3-34-32pm,1458718472394,1458718473999,2016-03-23-3-34-33pm,gps,1.289949751525078,103.80508050651088,16.0,45.60800088482019,316.48615,1.0969763
2016-03-23-3-34-38pm,1458718478968,1458718474797,2016-03-23-3-34-34pm,network,1.2899285,103.8049768,38.48,-1.0,-1.0,-1.0
2016-03-23-3-34-52pm,1458718492435,1458718493999,2016-03-23-3-34-53pm,gps,1.2900878912644067,103.80492239755615,12.0,45.00391425771078,307.05673,1.0754968
2016-03-23-3-34-58pm,1458718498974,1458718494734,2016-03-23-3-34-54pm,network,1.2900043,103.8049848,46.305,-1.0,-1.0,-1.0
2016-03-23-3-35-12pm,1458718512412,1458718513999,2016-03-23-3-35-13pm,gps,1.290059945979971,103.8049136508467,16.0,42.058116932338756,172.04846,0.66567314
2016-03-23-3-35-22pm,1458718522405,1458718523999,2016-03-23-3-35-23pm,gps,1.289981441466561,103.8048992303947,32.0,40.97901205521197,204.93588,0.9418117
2016-03-23-3-35-39pm,1458718539407,1458718534852,2016-03-23-3-35-34pm,network,1.2900539,103.8049041,42.032,-1.0,-1.0,-1.0
2016-03-23-3-36-06pm,1458718566111,1458718555805,2016-03-23-3-35-55pm,network,1.2894623,103.8046941,43.5,-1.0,-1.0,-1.0
2016-03-23-3-36-25pm,1458718585090,1458718583581,2016-03-23-3-36-23pm,network,1.2911949,103.8069549,800.0,-1.0,-1.0,-1.0
2016-03-23-3-36-45pm,1458718605096,1458718600090,2016-03-23-3-36-40pm,network,1.2911949,103.8069549,800.0,-1.0,-1.0,-1.0
2016-03-23-3-37-05pm,1458718625143,1458718620095,2016-03-23-3-37-00pm,network,1.2903193,103.8065926,800.0,-1.0,-1.0,-1.0
2016-03-23-3-37-20pm,1458718640534,1458718636037,2016-03-23-3-37-16pm,network,1.2896103,103.804701,25.0,-1.0,-1.0,-1.0
2016-03-23-3-37-40pm,1458718660202,1458718656003,2016-03-23-3-37-36pm,network,1.28914,103.8048955,26.0,-1.0,-1.0,-1.0
2016-03-23-3-38-00pm,1458718680520,1458718680999,2016-03-23-3-38-00pm,gps,1.2891538168376515,103.80522200028854,32.0,36.714718745906026,25.889927,-1.0
2016-03-23-3-38-10pm,1458718690511,1458718690999,2016-03-23-3-38-10pm,gps,1.2892932610276955,103.80539792429465,12.0,36.14612400716492,46.471096,2.7929437
2016-03-23-3-38-20pm,1458718700508,1458718700999,2016-03-23-3-38-20pm,gps,1.2893138605374272,103.80556616124404,12.0,34.610255077847086,102.94119,2.4794633
2016-03-23-3-38-30pm,1458718710507,1458718710999,2016-03-23-3-38-30pm,gps,1.2893522213171011,103.80596870606301,12.0,26.311330201335654,124.751305,3.5436718
2016-03-23-3-38-40pm,1458718720523,1458718720999,2016-03-23-3-38-40pm,gps,1.2895258000413885,103.80633911886461,12.0,22.417010262749496,40.40499,10.203267
2016-03-23-3-38-50pm,1458718730521,1458718730999,2016-03-23-3-38-50pm,gps,1.290477657261825,103.80712201459924,12.0,20.90433721286607,41.618534,12.853634
2016-03-23-3-39-00pm,1458718740517,1458718740999,2016-03-23-3-39-00pm,gps,1.2910519735430601,103.8076149764923,6.0,23.207559289621503,53.732033,0.0
2016-03-23-3-39-07pm,1458718747037,1458718746636,2016-03-23-3-39-06pm,network,1.2910437,103.8076192,22.137,-1.0,-1.0,-1.0
2016-03-23-3-39-20pm,1458718760517,1458718760999,2016-03-23-3-39-20pm,gps,1.2909713179423745,103.80763568790708,12.0,22.581169103158906,219.06543,5.6679397
2016-03-23-3-39-30pm,1458718770525,1458718770999,2016-03-23-3-39-30pm,gps,1.2902269493697338,103.8070105770969,8.0,25.553934706656865,217.18935,14.177994
2016-03-23-3-39-40pm,1458718780520,1458718780999,2016-03-23-3-39-40pm,gps,1.2891657110472063,103.80614945445869,12.0,27.012212764248392,219.44464,15.025517
2016-03-23-3-39-50pm,1458718790522,1458718790999,2016-03-23-3-39-50pm,gps,1.2882218206574214,103.80538182437974,16.0,28.572233759728135,219.52664,11.951401
2016-03-23-3-40-00pm,1458718800530,1458718800999,2016-03-23-3-40-00pm,gps,1.2878809363202433,103.80503058297069,6.0,28.624486990080758,232.42346,0.0
2016-03-23-3-40-06pm,1458718806890,1458718806680,2016-03-23-3-40-06pm,network,1.2877727,103.8049753,31.5,-1.0,-1.0,-1.0
2016-03-23-3-40-20pm,1458718820518,1458718820999,2016-03-23-3-40-20pm,gps,1.2878809363198906,103.8050305829707,6.0,28.745276724238213,232.42346,0.0
2016-03-23-3-40-30pm,1458718830513,1458718830999,2016-03-23-3-40-30pm,gps,1.287688598621591,103.80485980578129,8.0,27.633030018467743,237.51207,7.3153133
2016-03-23-3-40-40pm,1458718840522,1458718840999,2016-03-23-3-40-40pm,gps,1.2871915388938706,103.80394367132865,8.0,23.712965960058114,238.90681,10.89135
2016-03-23-3-40-50pm,1458718850514,1458718850999,2016-03-23-3-40-50pm,gps,1.28657589116798,103.80303556691374,12.0,28.817484781254556,226.81447,13.730047
2016-03-23-3-41-00pm,1458718860525,1458718860999,2016-03-23-3-41-00pm,gps,1.2857078878132302,103.8025333761792,12.0,35.306926215984525,211.09816,8.480249
2016-03-23-3-41-07pm,1458718867251,1458718866885,2016-03-23-3-41-06pm,network,1.2853842,103.8024002,30.0,-1.0,-1.0,-1.0
2016-03-23-3-41-20pm,1458718880528,1458718880999,2016-03-23-3-41-20pm,gps,1.2851161960721524,103.80217842547196,8.0,42.323442546596056,196.46956,0.0
2016-03-23-3-41-27pm,1458718887837,1458718882818,2016-03-23-3-41-22pm,network,1.2847755,103.8040571,500.0,-1.0,-1.0,-1.0
2016-03-23-3-41-40pm,1458718900523,1458718900999,2016-03-23-3-41-40pm,gps,1.2844252577834543,103.80184443987334,6.0,39.480167193161996,209.11636,10.223267
2016-03-23-3-41-50pm,1458718910513,1458718910999,2016-03-23-3-41-50pm,gps,1.283832574225872,103.80149559418776,12.0,34.66904978001131,214.68318,2.7912457
2016-03-23-3-42-00pm,1458718920514,1458718920999,2016-03-23-3-42-00pm,gps,1.2837779155094668,103.80146430292828,8.0,33.86469877678773,217.56337,0.0
2016-03-23-3-42-10pm,1458718930513,1458718930999,2016-03-23-3-42-10pm,gps,1.2837537193067312,103.80145006028346,6.0,33.33072459713514,213.84453,1.944706
2016-03-23-3-42-20pm,1458718940516,1458718940999,2016-03-23-3-42-20pm,gps,1.2836620353964188,103.80090337026247,8.0,27.77373673753433,302.7683,10.7486725
2016-03-23-3-42-30pm,1458718950529,1458718950999,2016-03-23-3-42-30pm,gps,1.2843069911767873,103.79980732610106,16.0,30.526917465663704,301.87088,15.974997
2016-03-23-3-42-40pm,1458718960510,1458718960999,2016-03-23-3-42-40pm,gps,1.285159077029651,103.79866831688092,8.0,25.22214028905669,307.83142,14.893222
2016-03-23-3-42-50pm,1458718970516,1458718970999,2016-03-23-3-42-50pm,gps,1.2859399975951114,103.79756683190783,6.0,22.081492019270165,305.72327,14.427409
2016-03-23-3-43-00pm,1458718980515,1458718980999,2016-03-23-3-43-00pm,gps,1.2867216113039053,103.79640975814233,12.0,20.14256326180418,303.49353,15.776916
2016-03-23-3-43-06pm,1458718986320,1458718983011,2016-03-23-3-43-03pm,network,1.2859775,103.7982616,500.0,-1.0,-1.0,-1.0
2016-03-23-3-43-20pm,1458719000525,1458719000999,2016-03-23-3-43-20pm,gps,1.2880611414602134,103.79376631407978,6.0,28.007309721188886,297.24854,14.537749
2016-03-23-3-43-27pm,1458719007345,1458719007013,2016-03-23-3-43-27pm,network,1.2885844,103.7936977,30.0,-1.0,-1.0,-1.0
2016-03-23-3-43-40pm,1458719020521,1458719020999,2016-03-23-3-43-40pm,gps,1.288448570232422,103.79315233128342,8.0,33.63695039193445,296.27866,3.6320534
2016-03-23-3-43-50pm,1458719030522,1458719030999,2016-03-23-3-43-50pm,gps,1.2886135482390415,103.79270537352592,8.0,30.713664793425274,279.2692,4.328022
2016-03-23-3-44-00pm,1458719040520,1458719040999,2016-03-23-3-44-00pm,gps,1.2882159441358378,103.79228788777414,12.0,29.044334046368316,206.23163,5.480012
2016-03-23-3-44-10pm,1458719050541,1458719050999,2016-03-23-3-44-10pm,gps,1.2878088728555652,103.79186609056717,6.0,47.89153749029007,226.93877,9.353561
2016-03-23-3-44-20pm,1458719060541,1458719060999,2016-03-23-3-44-20pm,gps,1.287333816848867,103.79104557818249,12.0,58.96732515802522,245.13838,8.835681
2016-03-23-3-44-27pm,1458719067307,1458719067130,2016-03-23-3-44-27pm,network,1.2878203,103.7904746,140.227,-1.0,-1.0,-1.0
2016-03-23-3-44-40pm,1458719080533,1458719080999,2016-03-23-3-44-40pm,gps,1.2877625332705396,103.7899122310479,8.0,55.247418013293945,337.30664,8.822764
2016-03-23-3-44-50pm,1458719090544,1458719090999,2016-03-23-3-44-50pm,gps,1.2886245081354073,103.78984198795666,8.0,57.781261409811584,1.548638,12.600675
2016-03-23-3-45-00pm,1458719100556,1458719100999,2016-03-23-3-45-00pm,gps,1.2896564541757067,103.78968165320013,8.0,59.836765556073885,338.01788,12.142409
2016-03-23-3-45-10pm,1458719110540,1458719110999,2016-03-23-3-45-10pm,gps,1.2903527924200364,103.78886656762293,8.0,57.9413362267161,302.1877,12.652173
2016-03-23-3-45-20pm,1458719120545,1458719120999,2016-03-23-3-45-20pm,gps,1.290801191985211,103.7880067301506,8.0,58.6211715074817,294.97192,8.397899
2016-03-23-3-45-27pm,1458719127702,1458719127227,2016-03-23-3-45-27pm,network,1.2907104,103.7874917,62.037,-1.0,-1.0,-1.0
2016-03-23-3-45-40pm,1458719140542,1458719140999,2016-03-23-3-45-40pm,gps,1.2906071648624076,103.78591233925643,8.0,61.83111343349726,274.61362,9.494126
2016-03-23-3-45-50pm,1458719150544,1458719150999,2016-03-23-3-45-50pm,gps,1.2911464727563773,103.78512328429545,12.0,62.026461281070524,318.99927,9.328457
2016-03-23-3-46-00pm,1458719160534,1458719160999,2016-03-23-3-46-00pm,gps,1.291740840298018,103.78445163389182,6.0,70.08277755907174,312.6944,6.8170595
2016-03-23-3-46-10pm,1458719170529,1458719170999,2016-03-23-3-46-10pm,gps,1.2919248995415895,103.7840118605552,8.0,66.56811823213191,245.14636,6.5393434
2016-03-23-3-46-20pm,1458719180530,1458719180999,2016-03-23-3-46-20pm,gps,1.291613572226679,103.78358476127464,8.0,66.97339028761418,272.56293,5.413114
2016-03-23-3-46-27pm,1458719187470,1458719187297,2016-03-23-3-46-27pm,network,1.2917562,103.7835032,153.558,-1.0,-1.0,-1.0
2016-03-23-3-46-40pm,1458719200538,1458719200999,2016-03-23-3-46-40pm,gps,1.291571597240322,103.7824290190231,12.0,73.27606436224616,243.9069,9.18654
2016-03-23-3-46-50pm,1458719210533,1458719210999,2016-03-23-3-46-50pm,gps,1.291230648809974,103.78164816654234,6.0,63.523580806520414,252.03354,11.305089
2016-03-23-3-47-00pm,1458719220539,1458719220999,2016-03-23-3-47-00pm,gps,1.2911999630070716,103.78072033684901,8.0,54.084677627042296,295.82666,9.963726
2016-03-23-3-47-10pm,1458719230553,1458719230999,2016-03-23-3-47-10pm,gps,1.2916711109752326,103.78035951677164,8.0,47.26359791977741,347.27,3.7698283
2016-03-23-3-47-20pm,1458719240528,1458719240999,2016-03-23-3-47-20pm,gps,1.292198213727144,103.7801022263066,8.0,45.54824773041083,292.49884,7.7824316
2016-03-23-3-47-27pm,1458719247847,1458719247454,2016-03-23-3-47-27pm,network,1.2920647,103.7800151,69.314,-1.0,-1.0,-1.0
2016-03-23-3-47-40pm,1458719260537,1458719260999,2016-03-23-3-47-40pm,gps,1.292957434775802,103.77851217546461,12.0,45.03243734206828,276.0299,11.594548
2016-03-23-3-47-50pm,1458719270551,1458719270999,2016-03-23-3-47-50pm,gps,1.2933408112304983,103.77752058315308,8.0,46.41006770183771,303.95496,12.283833
2016-03-23-3-48-00pm,1458719280544,1458719280999,2016-03-23-3-48-00pm,gps,1.2937604649351846,103.77668925066001,8.0,46.61321665450065,265.00848,8.800897
2016-03-23-3-48-10pm,1458719290535,1458719290999,2016-03-23-3-48-10pm,gps,1.293721176338796,103.77575963380455,6.0,41.637147888799326,263.0852,10.036469
2016-03-23-3-48-20pm,1458719300528,1458719300999,2016-03-23-3-48-20pm,gps,1.2934396872441696,103.7752391416451,32.0,31.84091901471284,194.08994,4.722648
2016-03-23-3-48-30pm,1458719310535,1458719310999,2016-03-23-3-48-30pm,gps,1.2928584248107904,103.77502629900539,16.0,29.414175613423218,208.77321,8.314273
2016-03-23-3-48-40pm,1458719320529,1458719320999,2016-03-23-3-48-40pm,gps,1.2923864501145292,103.774645951495,8.0,28.820353078159787,217.34978,6.700427
2016-03-23-3-48-50pm,1458719330533,1458719330999,2016-03-23-3-48-50pm,gps,1.292244141433989,103.77440842570407,8.0,27.392214963286737,284.21155,0.0
2016-03-23-3-49-00pm,1458719340520,1458719340999,2016-03-23-3-49-00pm,gps,1.2922775210500759,103.77411530474637,8.0,27.80132049253592,253.9338,2.5707457
2016-03-23-3-49-10pm,1458719350525,1458719350999,2016-03-23-3-49-10pm,gps,1.29256222438386,103.7738028265765,8.0,25.102454776306597,319.20273,7.847899
2016-03-23-3-49-20pm,1458719360526,1458719360999,2016-03-23-3-49-20pm,gps,1.2929184960233295,103.7733837058902,6.0,22.983938268681605,313.61023,6.5489626
2016-03-23-3-49-30pm,1458719370538,1458719370999,2016-03-23-3-49-30pm,gps,1.2932094580589684,103.77284626635372,6.0,22.91987193989942,297.39615,6.5063057
2016-03-23-3-49-40pm,1458719380533,1458719380999,2016-03-23-3-49-40pm,gps,1.2933399476520928,103.77232830837843,12.0,27.7448069155404,233.32036,4.429062
2016-03-23-3-49-50pm,1458719390526,1458719390999,2016-03-23-3-49-50pm,gps,1.2932060424748357,103.77230912759339,8.0,29.39350206206071,132.54803,-1.0
2016-03-23-3-50-00pm,1458719400523,1458719400999,2016-03-23-3-50-00pm,gps,1.2931326925276874,103.77255375377725,12.0,32.01190747684264,107.253716,6.00019
2016-03-23-3-50-08pm,1458719408744,1458719403705,2016-03-23-3-50-03pm,network,1.2945997,103.7732716,699.999,-1.0,-1.0,-1.0
2016-03-23-3-50-20pm,1458719420523,1458719420999,2016-03-23-3-50-20pm,gps,1.2930394508725949,103.77211673585892,12.0,28.54964731915004,287.04617,5.6867943
2016-03-23-3-50-29pm,1458719429953,1458719427784,2016-03-23-3-50-27pm,network,1.2945997,103.7732716,699.999,-1.0,-1.0,-1.0
2016-03-23-3-50-40pm,1458719440522,1458719440999,2016-03-23-3-50-40pm,gps,1.2933116060301677,103.77146741453681,6.0,25.99119700863523,92.83587,4.5597034
2016-03-23-3-50-50pm,1458719450527,1458719450999,2016-03-23-3-50-50pm,gps,1.2932756322314316,103.77183530391216,6.0,32.16745471149258,114.28839,1.9155705
2016-03-23-3-51-00pm,1458719460526,1458719460999,2016-03-23-3-51-00pm,gps,1.2932500221103573,103.77188566523658,4.0,32.84583146601025,163.24538,0.48828855
2016-03-23-3-51-10pm,1458719470521,1458719470999,2016-03-23-3-51-10pm,gps,1.2932807978911869,103.7718914403876,6.0,32.90658738097397,192.58434,0.30761954
2016-03-23-3-51-20pm,1458719480607,1458719480999,2016-03-23-3-51-20pm,gps,1.293287818999044,103.7718959665527,4.0,32.98868573971168,198.00124,0.0
2016-03-23-3-51-30pm,1458719490550,1458719490999,2016-03-23-3-51-30pm,gps,1.293287818999044,103.7718959665527,16.0,33.18250107084959,198.00124,0.0
2016-03-23-3-51-40pm,1458719500539,1458719500999,2016-03-23-3-51-40pm,gps,1.293287818999044,103.7718959665527,12.0,32.88996567653605,198.00124,0.0
2016-03-23-3-51-50pm,1458719510547,1458719510999,2016-03-23-3-51-50pm,gps,1.293287818999044,103.7718959665527,8.0,32.764116085291214,198.00124,0.0
2016-03-23-3-52-00pm,1458719520539,1458719520999,2016-03-23-3-52-00pm,gps,1.293287818999044,103.7718959665527,4.0,32.74319647300729,198.00124,0.0
2016-03-23-3-52-10pm,1458719530528,1458719530999,2016-03-23-3-52-10pm,gps,1.293287818999044,103.7718959665527,4.0,32.862266999678425,198.00124,0.0
2016-03-23-3-52-20pm,1458719540527,1458719540999,2016-03-23-3-52-20pm,gps,1.2932793600345454,103.77194574145031,6.0,32.98172478716351,198.00124,0.0
2016-03-23-3-52-30pm,1458719550532,1458719550999,2016-03-23-3-52-30pm,gps,1.2932719619852378,103.7720292641292,4.0,33.583170419885704,102.61729,0.0
2016-03-23-3-52-40pm,1458719560531,1458719560999,2016-03-23-3-52-40pm,gps,1.2932749672211314,103.77208161291131,6.0,33.251986647843154,77.88211,0.0
2016-03-23-3-52-50pm,1458719570532,1458719570999,2016-03-23-3-52-50pm,gps,1.2933744364482958,103.77214468730942,6.0,33.4167014404874,18.903696,0.0
2016-03-23-3-53-00pm,1458719580533,1458719580999,2016-03-23-3-53-00pm,gps,1.2935063537109242,103.7721051949832,4.0,34.730495799985405,2.9770286,1.3574244
2016-03-23-3-53-10pm,1458719590532,1458719590999,2016-03-23-3-53-10pm,gps,1.2936269678832335,103.77211441570078,6.0,35.81274060966211,345.41122,0.0
2016-03-23-3-53-20pm,1458719600533,1458719600999,2016-03-23-3-53-20pm,gps,1.2936850739459798,103.77211515903308,6.0,36.666436973138815,345.41122,0.0
2016-03-23-3-53-27pm,1458719607135,1458719606853,2016-03-23-3-53-26pm,network,1.2943903,103.7726778,101.285,-1.0,-1.0,-1.0
2016-03-23-3-53-40pm,1458719620534,1458719620999,2016-03-23-3-53-40pm,gps,1.2939226957775103,103.77223558615323,4.0,38.73686882344413,43.154552,1.1105789
2016-03-23-3-53-50pm,1458719630533,1458719630999,2016-03-23-3-53-50pm,gps,1.2940018340043706,103.77235693938249,6.0,40.18563242368291,62.01135,0.0
2016-03-23-3-54-00pm,1458719640531,1458719640999,2016-03-23-3-54-00pm,gps,1.2940266100015294,103.77239678019855,8.0,41.67901568103149,52.79841,0.0
2016-03-23-3-54-10pm,1458719650533,1458719650999,2016-03-23-3-54-10pm,gps,1.2941588735886442,103.77252542149286,4.0,43.405357923309666,41.7335,1.1936989
2016-03-23-3-54-20pm,1458719660552,1458719660999,2016-03-23-3-54-20pm,gps,1.2942431779897214,103.772622756456,4.0,45.08344379911489,60.155476,1.3177152
2016-03-23-3-54-27pm,1458719667136,1458719666944,2016-03-23-3-54-26pm,network,1.2943975,103.7726114,91.803,-1.0,-1.0,-1.0
2016-03-23-3-54-40pm,1458719680534,1458719680999,2016-03-23-3-54-40pm,gps,1.2943586509340423,103.77274804036269,6.0,48.5403114759136,39.16614,0.0
2016-03-23-3-54-50pm,1458719690537,1458719690999,2016-03-23-3-54-50pm,gps,1.2944976016220378,103.77278267905255,4.0,48.537325409551904,33.61775,0.0
2016-03-23-3-55-00pm,1458719700564,1458719700999,2016-03-23-3-55-00pm,gps,1.294512757024816,103.77279204898194,6.0,48.87920507883355,26.680325,0.0
2016-03-23-3-55-10pm,1458719710530,1458719710999,2016-03-23-3-55-10pm,gps,1.2945668224068618,103.77286255121444,6.0,48.998363208391666,26.680325,0.0
2016-03-23-3-55-20pm,1458719720535,1458719720999,2016-03-23-3-55-20pm,gps,1.29463350135644,103.77297329026608,6.0,48.41585984323548,76.53991,0.0
2016-03-23-3-55-27pm,1458719727076,1458719727035,2016-03-23-3-55-27pm,network,1.2947016,103.773488,91.617,-1.0,-1.0,-1.0
2016-03-23-3-55-40pm,1458719740529,1458719740999,2016-03-23-3-55-40pm,gps,1.294767244060975,103.77314651252637,6.0,48.369262861306964,10.977014,0.0
2016-03-23-3-55-50pm,1458719750534,1458719750999,2016-03-23-3-55-50pm,gps,1.2948038658691141,103.77329016210668,4.0,47.89299262162323,87.55538,0.87638557
2016-03-23-3-56-00pm,1458719760543,1458719760999,2016-03-23-3-56-00pm,gps,1.2948180080777456,103.77340130921026,6.0,47.22464671320252,61.408863,1.0679582
2016-03-23-3-56-10pm,1458719770531,1458719770999,2016-03-23-3-56-10pm,gps,1.2947119431068967,103.7735055339316,6.0,47.064284773923234,143.83847,1.0898973
2016-03-23-3-56-20pm,1458719780532,1458719780999,2016-03-23-3-56-20pm,gps,1.294593243469045,103.77357030180173,6.0,47.80393365758482,129.02464,1.1186836
2016-03-23-3-56-27pm,1458719787153,1458719787123,2016-03-23-3-56-27pm,network,1.2947112,103.7734654,89.422,-1.0,-1.0,-1.0
2016-03-23-3-56-40pm,1458719800530,1458719800999,2016-03-23-3-56-40pm,gps,1.2945164589790654,103.77374132833673,8.0,48.65167273860521,128.5897,0.93274796
2016-03-23-3-56-50pm,1458719810531,1458719810999,2016-03-23-3-56-50pm,gps,1.294442655054445,103.77378909799015,8.0,48.21504939402883,128.17403,0.83092856
2016-03-23-3-57-00pm,1458719820536,1458719820999,2016-03-23-3-57-00pm,gps,1.2943937935861944,103.77379676155645,12.0,49.843517344810365,164.79039,0.9092733
2016-03-23-3-57-10pm,1458719830534,1458719830999,2016-03-23-3-57-10pm,gps,1.29429416802639,103.77379831707073,12.0,49.229409173502376,245.29097,0.90845084
2016-03-23-3-57-20pm,1458719840536,1458719840999,2016-03-23-3-57-20pm,gps,1.2942965096552408,103.77379351883873,12.0,46.3147373209341,49.82719,0.2767486
2016-03-23-3-57-27pm,1458719847299,1458719847245,2016-03-23-3-57-27pm,network,1.2946948,103.773502,20.0,-1.0,-1.0,-1.0
2016-03-23-3-57-40pm,1458719860530,1458719860999,2016-03-23-3-57-40pm,gps,1.2943293005734462,103.7738801619,12.0,45.989534883997436,282.9372,0.050780624
2016-03-23-3-57-50pm,1458719870534,1458719870999,2016-03-23-3-57-50pm,gps,1.2942943268261315,103.77393036786565,8.0,44.987550439392436,282.9372,0.10070315
2016-03-23-3-58-00pm,1458719880530,1458719880999,2016-03-23-3-58-00pm,gps,1.2942963019085396,103.77393220191001,12.0,44.787143519041216,207.688,0.13836534
2016-03-23-3-58-10pm,1458719890538,1458719890999,2016-03-23-3-58-10pm,gps,1.2942784404153607,103.77393803574012,12.0,43.99783870323919,207.688,0.1302615
2016-03-23-3-58-20pm,1458719900552,1458719900999,2016-03-23-3-58-20pm,gps,1.294272558832777,103.7739356864812,8.0,43.41043827693403,207.688,0.0
2016-03-23-3-58-27pm,1458719907460,1458719907396,2016-03-23-3-58-27pm,network,1.2944768,103.773737,107.377,-1.0,-1.0,-1.0
2016-03-23-3-58-40pm,1458719920531,1458719920999,2016-03-23-3-58-40pm,gps,1.294272558832777,103.7739356864812,12.0,42.98446614759024,207.688,0.0
2016-03-23-3-58-50pm,1458719930531,1458719930999,2016-03-23-3-58-50pm,gps,1.294272558832777,103.7739356864812,12.0,43.09741568910503,207.688,0.0
2016-03-23-3-59-00pm,1458719940538,1458719940999,2016-03-23-3-59-00pm,gps,1.294272558832777,103.7739356864812,12.0,43.50907221349244,207.688,0.0
2016-03-23-3-59-10pm,1458719950531,1458719950999,2016-03-23-3-59-10pm,gps,1.294272558832777,103.7739356864812,6.0,43.739874396106416,207.688,0.0
2016-03-23-3-59-20pm,1458719960531,1458719960999,2016-03-23-3-59-20pm,gps,1.2942741385907754,103.7739370270067,12.0,43.89859627381154,207.688,0.0
2016-03-23-3-59-27pm,1458719967547,1458719967491,2016-03-23-3-59-27pm,network,1.2944493,103.7737467,108.076,-1.0,-1.0,-1.0
2016-03-23-3-59-40pm,1458719980538,1458719980999,2016-03-23-3-59-40pm,gps,1.2943087271094962,103.77396297138348,8.0,43.05184701505614,207.688,0.0
2016-03-23-3-59-50pm,1458719990531,1458719990999,2016-03-23-3-59-50pm,gps,1.294308727263615,103.77396297178244,8.0,42.68023397509533,207.688,0.0
2016-03-23-4-00-00pm,1458720000535,1458720000999,2016-03-23-4-00-00pm,gps,1.294308727263615,103.77396297178244,16.0,42.20794987354129,207.688,0.0
2016-03-23-4-00-10pm,1458720010535,1458720010999,2016-03-23-4-00-10pm,gps,1.294308727263615,103.77396297178244,12.0,41.84628271244555,207.688,0.0
2016-03-23-4-00-20pm,1458720020531,1458720020999,2016-03-23-4-00-20pm,gps,1.294308727263615,103.77396297178244,12.0,41.71749615378592,207.688,0.0
2016-03-23-4-00-30pm,1458720030531,1458720030999,2016-03-23-4-00-30pm,gps,1.294308727263615,103.77396297178244,12.0,41.432590536789576,207.688,0.0
2016-03-23-4-00-40pm,1458720040533,1458720040999,2016-03-23-4-00-40pm,gps,1.294308727263615,103.77396297178244,12.0,41.028677043657304,207.688,0.0
2016-03-23-4-00-47pm,1458720047928,1458720047869,2016-03-23-4-00-47pm,network,1.294473,103.7737338,46.938,-1.0,-1.0,-1.0
2016-03-23-4-01-00pm,1458720060536,1458720060999,2016-03-23-4-01-00pm,gps,1.2943091600957124,103.77397103078292,12.0,39.8213345375256,207.688,0.0
2016-03-23-4-01-10pm,1458720070536,1458720070999,2016-03-23-4-01-10pm,gps,1.2942881838774642,103.77401481909605,8.0,39.20110975232233,207.688,0.0
2016-03-23-4-01-20pm,1458720080530,1458720080999,2016-03-23-4-01-20pm,gps,1.2942333724174404,103.77407206533942,12.0,38.17291258406288,207.688,0.0
2016-03-23-4-01-30pm,1458720090529,1458720090999,2016-03-23-4-01-30pm,gps,1.2942333720462607,103.77407206564062,12.0,36.92111746917947,207.688,0.0
2016-03-23-4-01-40pm,1458720100540,1458720100999,2016-03-23-4-01-40pm,gps,1.2942333720462607,103.77407206564062,12.0,35.736646563673766,207.688,0.0
2016-03-23-4-01-47pm,1458720107980,1458720107925,2016-03-23-4-01-47pm,network,1.2944505,103.7737483,108.2,-1.0,-1.0,-1.0
2016-03-23-4-02-00pm,1458720120530,1458720120999,2016-03-23-4-02-00pm,gps,1.2942333720462607,103.77407206564062,16.0,33.735666150628866,207.688,0.0
2016-03-23-4-02-10pm,1458720130530,1458720130999,2016-03-23-4-02-10pm,gps,1.2942333720462607,103.77407206564062,12.0,31.986724054042575,207.688,0.0
2016-03-23-4-02-20pm,1458720140559,1458720140999,2016-03-23-4-02-20pm,gps,1.2942333720462607,103.77407206564062,8.0,31.447887536523503,207.688,0.0
2016-03-23-4-02-30pm,1458720150531,1458720150999,2016-03-23-4-02-30pm,gps,1.2942333720462607,103.77407206564062,8.0,31.091822640498755,207.688,0.0
2016-03-23-4-02-40pm,1458720160539,1458720160999,2016-03-23-4-02-40pm,gps,1.2942333720462607,103.77407206564062,8.0,30.76597824521078,207.688,0.0
2016-03-23-4-02-48pm,1458720168048,1458720168000,2016-03-23-4-02-48pm,network,1.2944569,103.7737242,105.715,-1.0,-1.0,-1.0
2016-03-23-4-03-00pm,1458720180535,1458720180999,2016-03-23-4-03-00pm,gps,1.2942333720462607,103.77407206564062,16.0,30.53623845683765,207.688,0.0
2016-03-23-4-03-10pm,1458720190532,1458720190999,2016-03-23-4-03-10pm,gps,1.2942699773223332,103.7740415710697,12.0,30.80768688183069,207.688,0.0
2016-03-23-4-03-20pm,1458720200529,1458720200999,2016-03-23-4-03-20pm,gps,1.294283841278059,103.77402470581438,16.0,31.080282895129088,207.688,0.0
2016-03-23-4-03-30pm,1458720210528,1458720210999,2016-03-23-4-03-30pm,gps,1.2942974141192534,103.77402103962577,16.0,31.538223563684703,207.688,0.0
2016-03-23-4-03-40pm,1458720220546,1458720220999,2016-03-23-4-03-40pm,gps,1.2942974608182498,103.77402104087935,8.0,31.832349452265312,207.688,0.0
2016-03-23-4-03-48pm,1458720228081,1458720228027,2016-03-23-4-03-48pm,network,1.2944839,103.7737377,46.59,-1.0,-1.0,-1.0
2016-03-23-4-04-00pm,1458720240535,1458720240999,2016-03-23-4-04-00pm,gps,1.2942974608182498,103.77402104087935,8.0,31.78923180937944,207.688,0.0
2016-03-23-4-04-10pm,1458720250532,1458720250999,2016-03-23-4-04-10pm,gps,1.2942826519748871,103.77394974761006,12.0,32.145333712652175,207.688,0.0
2016-03-23-4-04-20pm,1458720260531,1458720260999,2016-03-23-4-04-20pm,gps,1.294283297737544,103.77394743942298,8.0,32.55470125621604,207.688,0.0
2016-03-23-4-04-30pm,1458720270535,1458720270999,2016-03-23-4-04-30pm,gps,1.294283297737544,103.77394743942298,12.0,32.86352556339263,207.688,0.0
2016-03-23-4-04-40pm,1458720280539,1458720280999,2016-03-23-4-04-40pm,gps,1.2942870561114228,103.77394483005547,8.0,33.38144145434481,207.688,0.0
2016-03-23-4-04-48pm,1458720288114,1458720288078,2016-03-23-4-04-48pm,network,1.2944662,103.7737305,106.352,-1.0,-1.0,-1.0
2016-03-23-4-05-00pm,1458720300530,1458720300999,2016-03-23-4-05-00pm,gps,1.2942870561114228,103.77394483005547,12.0,34.35581484672297,207.688,0.0
2016-03-23-4-05-10pm,1458720310532,1458720310999,2016-03-23-4-05-10pm,gps,1.2942870561114228,103.77394483005547,12.0,34.72626280366798,207.688,0.0
2016-03-23-4-05-20pm,1458720320545,1458720320999,2016-03-23-4-05-20pm,gps,1.2942870561114228,103.77394483005547,8.0,34.77582875144271,207.688,0.0
2016-03-23-4-05-30pm,1458720330538,1458720330999,2016-03-23-4-05-30pm,gps,1.2942870561114228,103.77394483005547,8.0,34.67995337689751,207.688,0.0
2016-03-23-4-05-40pm,1458720340530,1458720340999,2016-03-23-4-05-40pm,gps,1.2942870561114228,103.77394483005547,8.0,34.45043915324791,207.688,0.0
2016-03-23-4-05-48pm,1458720348129,1458720348090,2016-03-23-4-05-48pm,network,1.2944603,103.7737354,107.157,-1.0,-1.0,-1.0
2016-03-23-4-06-00pm,1458720360529,1458720360999,2016-03-23-4-06-00pm,gps,1.2942839974404887,103.77392466569212,6.0,33.66233476332507,246.92699,0.12427151
2016-03-23-4-06-10pm,1458720370555,1458720370999,2016-03-23-4-06-10pm,gps,1.2942985845679025,103.77389954755594,6.0,35.880692580818426,207.01595,0.22222275
2016-03-23-4-06-20pm,1458720380547,1458720380999,2016-03-23-4-06-20pm,gps,1.2943203350403176,103.773897387442,16.0,37.13977068638699,207.01595,0.12334854
2016-03-23-4-06-30pm,1458720390534,1458720390999,2016-03-23-4-06-30pm,gps,1.2943240896846324,103.77390583935895,6.0,40.114011360056914,42.67153,0.04786574
2016-03-23-4-06-40pm,1458720400506,1458720400999,2016-03-23-4-06-40pm,gps,1.2943309769851072,103.77385018546916,12.0,42.745232645937214,112.222694,0.024999578
2016-03-23-4-06-48pm,1458720408279,1458720408211,2016-03-23-4-06-48pm,network,1.2944697,103.7737402,107.571,-1.0,-1.0,-1.0
2016-03-23-4-07-00pm,1458720420512,1458720420999,2016-03-23-4-07-00pm,gps,1.2944142458686838,103.77381215483105,12.0,48.725300510741114,286.36917,0.30481204
2016-03-23-4-07-10pm,1458720430542,1458720430999,2016-03-23-4-07-10pm,gps,1.2943888549625926,103.773821763271,6.0,50.048988018967705,301.75037,0.22092469
2016-03-23-4-07-20pm,1458720440503,1458720440999,2016-03-23-4-07-20pm,gps,1.2943286375938237,103.77384260424014,8.0,49.34496457516511,301.75037,0.06365997
2016-03-23-4-07-30pm,1458720450509,1458720450999,2016-03-23-4-07-30pm,gps,1.2943378850543472,103.77380378152232,8.0,49.208252717932545,31.177074,0.0
2016-03-23-4-07-40pm,1458720460503,1458720460999,2016-03-23-4-07-40pm,gps,1.294361115938757,103.77377326954613,8.0,52.350791456852484,122.055016,0.19129048
2016-03-23-4-07-48pm,1458720468316,1458720468266,2016-03-23-4-07-48pm,network,1.2944586,103.7737498,108.385,-1.0,-1.0,-1.0
2016-03-23-4-08-00pm,1458720480510,1458720480999,2016-03-23-4-08-00pm,gps,1.2943778783758582,103.77379656817266,12.0,53.551690582378534,122.055016,0.0
2016-03-23-4-08-10pm,1458720490508,1458720490999,2016-03-23-4-08-10pm,gps,1.2943818083089942,103.7738071726834,8.0,53.5244259231088,122.055016,0.0
2016-03-23-4-08-20pm,1458720500513,1458720500999,2016-03-23-4-08-20pm,gps,1.2943786048101316,103.77380914455638,16.0,53.19806033434383,122.055016,0.15234813
2016-03-23-4-08-30pm,1458720510531,1458720510999,2016-03-23-4-08-30pm,gps,1.2943762699919694,103.7738325280259,12.0,53.27050917407173,50.12322,0.0548398
2016-03-23-4-08-40pm,1458720520528,1458720520999,2016-03-23-4-08-40pm,gps,1.2943357498572423,103.77389131137886,8.0,53.76893744695348,211.91057,0.0
2016-03-23-4-08-49pm,1458720529344,1458720529301,2016-03-23-4-08-49pm,network,1.2944656,103.7738026,40.573,-1.0,-1.0,-1.0
2016-03-23-4-09-00pm,1458720540536,1458720540999,2016-03-23-4-09-00pm,gps,1.2942708465862331,103.77385143145895,12.0,49.597920398111626,287.1631,0.5460818
2016-03-23-4-09-10pm,1458720550530,1458720550999,2016-03-23-4-09-10pm,gps,1.2942982803631755,103.77381890903958,6.0,47.416626640078825,38.02254,0.6215002
2016-03-23-4-09-20pm,1458720560532,1458720560999,2016-03-23-4-09-20pm,gps,1.2943288340849806,103.77383113476677,24.0,46.822042571273215,164.86217,0.6180158
2016-03-23-4-09-25pm,1458720565587,1458720561005,2016-03-23-4-09-21pm,network,1.2945216,103.7736792,25.741,-1.0,-1.0,-1.0
2016-03-23-4-09-40pm,1458720580521,1458720580999,2016-03-23-4-09-40pm,gps,1.29458217371118,103.7730387718825,12.0,45.169447631086996,291.9792,4.1908865
2016-03-23-4-09-49pm,1458720589382,1458720589348,2016-03-23-4-09-49pm,network,1.29459,103.7735398,92.77,-1.0,-1.0,-1.0
2016-03-23-4-10-00pm,1458720600532,1458720600999,2016-03-23-4-10-00pm,gps,1.2941781303543114,103.77261045628225,12.0,52.17686101180145,239.11041,-1.0
2016-03-23-4-10-05pm,1458720605577,1458720601196,2016-03-23-4-10-01pm,network,1.2943316,103.7725858,22.0,-1.0,-1.0,-1.0
2016-03-23-4-10-20pm,1458720620520,1458720620999,2016-03-23-4-10-20pm,gps,1.2935689200678295,103.77212851552648,16.0,50.51439111112149,199.06567,4.2033343
2016-03-23-4-10-26pm,1458720626057,1458720621070,2016-03-23-4-10-21pm,network,1.2934914,103.772022,45.0,-1.0,-1.0,-1.0
2016-03-23-4-10-40pm,1458720640527,1458720640999,2016-03-23-4-10-40pm,gps,1.2935970659533813,103.77127521872032,12.0,36.627644322962745,297.54376,11.107694
2016-03-23-4-10-50pm,1458720650522,1458720650999,2016-03-23-4-10-50pm,gps,1.2944027682695096,103.77057180767171,12.0,35.45157846793349,333.44467,10.824459
2016-03-23-4-11-00pm,1458720660522,1458720660999,2016-03-23-4-11-00pm,gps,1.2950144020434198,103.770470055708,12.0,35.288889691663115,357.72858,4.9770865
2016-03-23-4-11-05pm,1458720665761,1458720661315,2016-03-23-4-11-01pm,network,1.29484,103.7706772,32.651,-1.0,-1.0,-1.0
2016-03-23-4-11-20pm,1458720680522,1458720680999,2016-03-23-4-11-20pm,gps,1.2953511997605835,103.77055534383094,12.0,34.68476582081794,22.558098,0.0
2016-03-23-4-11-26pm,1458720686164,1458720681172,2016-03-23-4-11-21pm,network,1.2951401,103.7710235,24.0,-1.0,-1.0,-1.0
2016-03-23-4-11-40pm,1458720700522,1458720700999,2016-03-23-4-11-40pm,gps,1.295989057045846,103.77087517170412,8.0,34.47801441789252,7.36355,2.9413698
2016-03-23-4-11-49pm,1458720709924,1458720709520,2016-03-23-4-11-49pm,network,1.2963126,103.7707074,84.0,-1.0,-1.0,-1.0
2016-03-23-4-12-00pm,1458720720522,1458720720999,2016-03-23-4-12-00pm,gps,1.296049323646644,103.77088762735109,8.0,34.20911270748146,6.7793965,0.0
2016-03-23-4-12-06pm,1458720726054,1458720721401,2016-03-23-4-12-01pm,network,1.2962647,103.7705889,36.0,-1.0,-1.0,-1.0
2016-03-23-4-12-20pm,1458720740523,1458720740999,2016-03-23-4-12-20pm,gps,1.296049323646644,103.77088762735109,12.0,33.03132660535059,6.7793965,0.0
2016-03-23-4-12-25pm,1458720745849,1458720741257,2016-03-23-4-12-21pm,network,1.2962946,103.7706261,36.0,-1.0,-1.0,-1.0
2016-03-23-4-12-40pm,1458720760526,1458720760999,2016-03-23-4-12-40pm,gps,1.2963473717040908,103.77158526709144,4.0,32.05944252757521,94.030945,8.392396
2016-03-23-4-12-50pm,1458720770066,1458720769626,2016-03-23-4-12-49pm,network,1.2967473,103.7723731,53.64,-1.0,-1.0,-1.0
2016-03-23-4-13-00pm,1458720780527,1458720781000,2016-03-23-4-13-01pm,gps,1.2971140276306914,103.77269253405446,8.0,47.807184372523345,38.426517,5.889671
2016-03-23-4-13-06pm,1458720786107,1458720781506,2016-03-23-4-13-01pm,network,1.2970154,103.7726226,40.0,-1.0,-1.0,-1.0
2016-03-23-4-13-20pm,1458720800528,1458720801000,2016-03-23-4-13-21pm,gps,1.297188652189771,103.772752616099,8.0,50.17864459844186,50.95323,0.0
2016-03-23-4-13-25pm,1458720805983,1458720801382,2016-03-23-4-13-21pm,network,1.2970052,103.7725615,28.861,-1.0,-1.0,-1.0
2016-03-23-4-13-40pm,1458720820522,1458720821000,2016-03-23-4-13-41pm,gps,1.2974275398086845,103.77296740612692,8.0,55.63448223479164,33.291252,7.2277713
2016-03-23-4-13-49pm,1458720829887,1458720829724,2016-03-23-4-13-49pm,network,1.2977188,103.7731309,34.5,-1.0,-1.0,-1.0
2016-03-23-4-14-00pm,1458720840528,1458720841000,2016-03-23-4-14-01pm,gps,1.2983940671988579,103.7738236232935,16.0,55.10589089441361,57.03461,6.6801763
2016-03-23-4-14-10pm,1458720850058,1458720849722,2016-03-23-4-14-09pm,network,1.2993139,103.7742637,76.038,-1.0,-1.0,-1.0
2016-03-23-4-14-20pm,1458720860524,1458720861000,2016-03-23-4-14-21pm,gps,1.2988733379097206,103.7741269774115,4.0,49.06507857255422,34.946064,0.0
2016-03-23-4-14-26pm,1458720866207,1458720861601,2016-03-23-4-14-21pm,network,1.2986469,103.7746357,30.76,-1.0,-1.0,-1.0
2016-03-23-4-14-40pm,1458720880518,1458720881000,2016-03-23-4-14-41pm,gps,1.299187323571474,103.77437672587286,6.0,48.03142334275555,36.438255,6.6168737
2016-03-23-4-14-46pm,1458720886167,1458720881480,2016-03-23-4-14-41pm,network,1.2996979,103.773928,45.044,-1.0,-1.0,-1.0
2016-03-23-4-15-00pm,1458720900523,1458720901000,2016-03-23-4-15-01pm,gps,1.300376126367892,103.77436417040396,8.0,33.02332215009588,333.1221,7.1437845
2016-03-23-4-15-10pm,1458720910188,1458720909814,2016-03-23-4-15-09pm,network,1.3006473,103.7736563,27.292,-1.0,-1.0,-1.0
2016-03-23-4-15-20pm,1458720920523,1458720921000,2016-03-23-4-15-21pm,gps,1.3010684530216081,103.77317770459585,8.0,20.447295990873457,286.74063,2.4459574
2016-03-23-4-15-26pm,1458720926429,1458720921665,2016-03-23-4-15-21pm,network,1.300674,103.7732642,55.476,-1.0,-1.0,-1.0
2016-03-23-4-15-40pm,1458720940539,1458720941000,2016-03-23-4-15-41pm,gps,1.3011292875335103,103.77361287375889,8.0,21.35891029947761,103.88309,5.0943785
2016-03-23-4-15-46pm,1458720946115,1458720941528,2016-03-23-4-15-41pm,network,1.3009046,103.773341,37.5,-1.0,-1.0,-1.0
2016-03-23-4-16-00pm,1458720960522,1458720961000,2016-03-23-4-16-01pm,gps,1.3010718650107067,103.77372705115077,6.0,21.442600190777778,113.61179,2.3522725
2016-03-23-4-16-09pm,1458720969950,1458720969915,2016-03-23-4-16-09pm,network,1.3007804,103.7736517,40.5,-1.0,-1.0,-1.0
2016-03-23-4-16-20pm,1458720980534,1458720981000,2016-03-23-4-16-21pm,gps,1.3004071582869088,103.77445118725782,6.0,27.276394322087484,143.99858,6.368892
2016-03-23-4-16-26pm,1458720986238,1458720981757,2016-03-23-4-16-21pm,network,1.3007098,103.7737046,39.0,-1.0,-1.0,-1.0
2016-03-23-4-16-40pm,1458721000519,1458721001000,2016-03-23-4-16-41pm,gps,1.2993072623922566,103.7747981329058,6.0,32.37980878411854,162.87506,7.3530645
2016-03-23-4-16-46pm,1458721006334,1458721001643,2016-03-23-4-16-41pm,network,1.2993576,103.7744097,37.5,-1.0,-1.0,-1.0
2016-03-23-4-17-00pm,1458721020528,1458721021000,2016-03-23-4-17-01pm,gps,1.2988233579230963,103.77576275892372,12.0,35.19937558473912,88.62499,6.6396694
2016-03-23-4-17-10pm,1458721030493,1458721030043,2016-03-23-4-17-10pm,network,1.2983232,103.7760383,52.904,-1.0,-1.0,-1.0
2016-03-23-4-17-20pm,1458721040523,1458721041000,2016-03-23-4-17-21pm,gps,1.2988971000569913,103.77606946871863,6.0,34.097612854844115,82.144966,0.0
2016-03-23-4-17-26pm,1458721046669,1458721041894,2016-03-23-4-17-21pm,network,1.2987082,103.7760979,30.0,-1.0,-1.0,-1.0
2016-03-23-4-17-40pm,1458721060537,1458721061000,2016-03-23-4-17-41pm,gps,1.2986515401982461,103.77660833001059,8.0,29.535719874507265,122.96958,2.9695745
2016-03-23-4-17-46pm,1458721066613,1458721061748,2016-03-23-4-17-41pm,network,1.2986192,103.7763436,28.6,-1.0,-1.0,-1.0
2016-03-23-4-18-00pm,1458721080524,1458721081000,2016-03-23-4-18-01pm,gps,1.2976100280719967,103.77773343090381,8.0,29.345775765599075,115.965996,8.985743
2016-03-23-4-18-10pm,1458721090522,1458721091000,2016-03-23-4-18-11pm,gps,1.2974489424676523,103.77806157494999,12.0,34.22779031533784,112.06391,0.0
2016-03-23-4-18-20pm,1458721100521,1458721101000,2016-03-23-4-18-21pm,gps,1.2974106487076522,103.77806524319952,16.0,53.379441860765716,114.01172,-1.0
2016-03-23-4-18-28pm,1458721108515,1458721104038,2016-03-23-4-18-24pm,network,1.2978001,103.7785122,53.516,-1.0,-1.0,-1.0
2016-03-23-4-18-40pm,1458721120526,1458721121000,2016-03-23-4-18-41pm,gps,1.297119172406528,103.77973340706882,12.0,35.135140766173976,64.3299,10.367382
2016-03-23-4-18-48pm,1458721128548,1458721123937,2016-03-23-4-18-43pm,network,1.2973126,103.7798935,44.317,-1.0,-1.0,-1.0
2016-03-23-4-19-00pm,1458721140523,1458721141000,2016-03-23-4-19-01pm,gps,1.2974637053651055,103.78080499662218,12.0,28.619190971159416,75.11713,0.0
2016-03-23-4-19-10pm,1458721150539,1458721151000,2016-03-23-4-19-11pm,gps,1.2974637053651055,103.78080499662218,12.0,29.440452159652455,75.11713,0.0
2016-03-23-4-19-20pm,1458721160522,1458721161000,2016-03-23-4-19-21pm,gps,1.2974637053651055,103.78080499662218,8.0,29.544459064230843,75.11713,0.0
2016-03-23-4-19-28pm,1458721168539,1458721164108,2016-03-23-4-19-24pm,network,1.297335,103.7806443,41.753,-1.0,-1.0,-1.0
2016-03-23-4-19-40pm,1458721180523,1458721181000,2016-03-23-4-19-41pm,gps,1.297478080359212,103.78121065771559,8.0,28.100813915478575,85.6146,2.1377115
2016-03-23-4-19-48pm,1458721188799,1458721183983,2016-03-23-4-19-43pm,network,1.2973373,103.7809873,45.0,-1.0,-1.0,-1.0
2016-03-23-4-20-00pm,1458721200522,1458721201000,2016-03-23-4-20-01pm,gps,1.2970737161659427,103.7820552732849,8.0,27.301217329482213,124.35712,7.9561596
2016-03-23-4-20-10pm,1458721210518,1458721211000,2016-03-23-4-20-11pm,gps,1.2969206065159211,103.78266594506532,8.0,27.351384995554163,95.437996,6.760065
2016-03-23-4-20-20pm,1458721220521,1458721221000,2016-03-23-4-20-21pm,gps,1.2968855566653015,103.7830061696695,6.0,29.211340202993522,110.69949,5.6287885
2016-03-23-4-20-29pm,1458721229249,1458721224163,2016-03-23-4-20-24pm,network,1.2964846,103.783117,39.0,-1.0,-1.0,-1.0
2016-03-23-4-20-40pm,1458721240518,1458721241000,2016-03-23-4-20-41pm,gps,1.2958573693198443,103.78398319865912,6.0,27.13468881269443,149.32764,3.2589223
2016-03-23-4-20-48pm,1458721248817,1458721243999,2016-03-23-4-20-43pm,network,1.296192,103.7828393,169.5,-1.0,-1.0,-1.0
2016-03-23-4-21-00pm,1458721260514,1458721261000,2016-03-23-4-21-01pm,gps,1.2955043667365578,103.78418313666337,6.0,27.623254618133274,152.79286,5.9114275
2016-03-23-4-21-10pm,1458721270526,1458721271000,2016-03-23-4-21-11pm,gps,1.295016847626858,103.78452506850294,6.0,27.972010459116042,141.00493,4.8435783
2016-03-23-4-21-20pm,1458721280532,1458721281000,2016-03-23-4-21-21pm,gps,1.2949323864542153,103.78460827839625,6.0,27.805372924135906,143.55243,0.0
2016-03-23-4-21-28pm,1458721288830,1458721284255,2016-03-23-4-21-24pm,network,1.2947566,103.7841685,40.5,-1.0,-1.0,-1.0
2016-03-23-4-21-40pm,1458721300549,1458721301000,2016-03-23-4-21-41pm,gps,1.2949323864542153,103.78460827839625,8.0,27.661809994091705,143.55243,0.0
2016-03-23-4-21-48pm,1458721308760,1458721304114,2016-03-23-4-21-44pm,network,1.2948989,103.7840238,48.813,-1.0,-1.0,-1.0
2016-03-23-4-22-00pm,1458721320515,1458721321000,2016-03-23-4-22-01pm,gps,1.2945122995463598,103.78484527330045,8.0,36.909293891493505,146.67119,4.5792656
2016-03-23-4-22-10pm,1458721330517,1458721331000,2016-03-23-4-22-11pm,gps,1.293894656878359,103.78502672235615,8.0,44.07059049285542,172.09354,8.151961
2016-03-23-4-22-20pm,1458721340523,1458721341000,2016-03-23-4-22-21pm,gps,1.2934937203990247,103.78508447244045,8.0,45.73618487015055,153.4512,1.2895104
2016-03-23-4-22-28pm,1458721348959,1458721348547,2016-03-23-4-22-28pm,network,1.2942349,103.7863093,500.0,-1.0,-1.0,-1.0
2016-03-23-4-22-40pm,1458721360521,1458721361000,2016-03-23-4-22-41pm,gps,1.293487021085182,103.78508652208939,16.0,46.911849111291616,162.8713,0.0
2016-03-23-4-22-48pm,1458721368794,1458721364150,2016-03-23-4-22-44pm,network,1.2928984,103.7876567,43.5,-1.0,-1.0,-1.0
2016-03-23-4-23-00pm,1458721380523,1458721381000,2016-03-23-4-23-01pm,gps,1.293487021085182,103.78508652208939,12.0,48.38498040598348,162.8713,0.0
2016-03-23-4-23-10pm,1458721390532,1458721391000,2016-03-23-4-23-11pm,gps,1.293487021085182,103.78508652208939,6.0,48.52791618611044,162.8713,0.0
2016-03-23-4-23-20pm,1458721400522,1458721401000,2016-03-23-4-23-21pm,gps,1.293487021085182,103.78508652208939,8.0,48.689461706476074,162.8713,0.0
2016-03-23-4-23-30pm,1458721410517,1458721411000,2016-03-23-4-23-31pm,gps,1.293487021085182,103.78508652208939,16.0,48.7372995083277,162.8713,0.0
2016-03-23-4-23-40pm,1458721420519,1458721421000,2016-03-23-4-23-41pm,gps,1.293487021085182,103.78508652208939,12.0,48.86882993054656,162.8713,0.0
2016-03-23-4-23-49pm,1458721429010,1458721428599,2016-03-23-4-23-48pm,network,1.2942349,103.7863093,500.0,-1.0,-1.0,-1.0
2016-03-23-4-24-00pm,1458721440523,1458721441000,2016-03-23-4-24-01pm,gps,1.293487021085182,103.78508652208939,8.0,49.06028344043946,162.8713,0.0
2016-03-23-4-24-08pm,1458721448792,1458721448682,2016-03-23-4-24-08pm,network,1.2943175,103.7860687,541.0,-1.0,-1.0,-1.0
2016-03-23-4-24-20pm,1458721460523,1458721461000,2016-03-23-4-24-21pm,gps,1.2931258829711922,103.78516861423513,6.0,42.691627538977826,204.76482,4.644149
2016-03-23-4-24-30pm,1458721470520,1458721471000,2016-03-23-4-24-31pm,gps,1.2926941848020987,103.78480823402623,8.0,40.763774166240744,228.19138,9.500157
2016-03-23-4-24-40pm,1458721480550,1458721481000,2016-03-23-4-24-41pm,gps,1.2923238180181824,103.78437886666548,8.0,45.493063223203144,224.63959,2.9662457
2016-03-23-4-24-48pm,1458721488818,1458721484447,2016-03-23-4-24-44pm,network,1.2928617,103.7848711,61.5,-1.0,-1.0,-1.0
2016-03-23-4-25-00pm,1458721500530,1458721501000,2016-03-23-4-25-01pm,gps,1.2919720055900807,103.78396239697553,6.0,41.46549804308253,226.23103,5.5452003
2016-03-23-4-25-08pm,1458721508854,1458721504320,2016-03-23-4-25-04pm,network,1.2918255,103.783588,33.0,-1.0,-1.0,-1.0
2016-03-23-4-25-20pm,1458721520529,1458721521000,2016-03-23-4-25-21pm,gps,1.2919036387780762,103.78318268173928,4.0,56.68059658162972,304.38336,3.5959864
2016-03-23-4-25-30pm,1458721530537,1458721531000,2016-03-23-4-25-31pm,gps,1.2917211773901196,103.7827432966688,8.0,58.13338355007473,238.91399,6.2273817
2016-03-23-4-25-40pm,1458721540530,1458721541000,2016-03-23-4-25-41pm,gps,1.2914546001320488,103.78220027776597,6.0,51.96859621069566,242.79779,8.579694
2016-03-23-4-25-49pm,1458721549185,1458721544558,2016-03-23-4-25-44pm,network,1.2913905,103.7821127,45.287,-1.0,-1.0,-1.0
2016-03-23-4-26-00pm,1458721560538,1458721561000,2016-03-23-4-26-01pm,gps,1.2910356814791342,103.78126887455977,4.0,41.781413810689116,238.09962,1.6442091
2016-03-23-4-26-08pm,1458721568952,1458721564434,2016-03-23-4-26-04pm,network,1.2911149,103.7812322,62.228,-1.0,-1.0,-1.0
2016-03-23-4-26-20pm,1458721580541,1458721581000,2016-03-23-4-26-21pm,gps,1.2910237733252459,103.78117725340361,8.0,42.32790463067191,276.4429,0.0
2016-03-23-4-26-30pm,1458721590536,1458721591000,2016-03-23-4-26-31pm,gps,1.2910237733252459,103.78117725340361,8.0,43.39618086131762,276.4429,0.0
2016-03-23-4-26-40pm,1458721600554,1458721601000,2016-03-23-4-26-41pm,gps,1.2910554689435654,103.78127449455044,4.0,44.07501127898801,75.08093,1.2048526
2016-03-23-4-26-48pm,1458721608961,1458721604603,2016-03-23-4-26-44pm,network,1.2911614,103.7810521,45.116,-1.0,-1.0,-1.0
2016-03-23-4-27-00pm,1458721620527,1458721621000,2016-03-23-4-27-01pm,gps,1.2910537520347418,103.78095231324922,6.0,44.16724057895829,288.04437,3.8002794
2016-03-23-4-27-09pm,1458721629050,1458721624503,2016-03-23-4-27-04pm,network,1.2911871,103.7808681,28.744,-1.0,-1.0,-1.0
2016-03-23-4-27-20pm,1458721640535,1458721641000,2016-03-23-4-27-21pm,gps,1.2919484139259099,103.7803386855047,8.0,36.65979769487488,341.665,6.543074
2016-03-23-4-27-30pm,1458721650528,1458721651000,2016-03-23-4-27-31pm,gps,1.2922896681257268,103.77992277190651,8.0,36.3810737180604,299.39505,6.4853477
2016-03-23-4-27-40pm,1458721660530,1458721661000,2016-03-23-4-27-41pm,gps,1.2927675628892736,103.77924907592828,6.0,36.60445318449575,305.44983,10.460164
2016-03-23-4-27-49pm,1458721669489,1458721664712,2016-03-23-4-27-44pm,network,1.2928937,103.7789986,134.154,-1.0,-1.0,-1.0
2016-03-23-4-28-00pm,1458721680528,1458721681000,2016-03-23-4-28-01pm,gps,1.2933653753540109,103.77750196838717,8.0,32.86807890920617,301.59885,8.671088
2016-03-23-4-28-09pm,1458721689514,1458721684561,2016-03-23-4-28-04pm,network,1.2933504,103.7777428,27.146,-1.0,-1.0,-1.0
2016-03-23-4-28-20pm,1458721700528,1458721701000,2016-03-23-4-28-21pm,gps,1.2937692182171456,103.77622621869196,8.0,48.577952907949516,267.20087,10.223651
2016-03-23-4-28-30pm,1458721710533,1458721711000,2016-03-23-4-28-31pm,gps,1.2937525161022774,103.77554042435283,6.0,46.89321747314811,266.06686,6.249115
2016-03-23-4-28-40pm,1458721720527,1458721721000,2016-03-23-4-28-41pm,gps,1.2937417533797937,103.77531344765843,6.0,36.84990455540498,341.9503,0.0
2016-03-23-4-28-49pm,1458721729158,1458721724852,2016-03-23-4-28-44pm,network,1.2934866,103.7755001,63.118,-1.0,-1.0,-1.0
2016-03-23-4-29-00pm,1458721740527,1458721741000,2016-03-23-4-29-01pm,gps,1.2939949456545428,103.77520499734563,4.0,34.26200136114116,350.9667,0.0
2016-03-23-4-29-09pm,1458721749298,1458721744731,2016-03-23-4-29-04pm,network,1.2937152,103.774904,24.0,-1.0,-1.0,-1.0
2016-03-23-4-29-20pm,1458721760531,1458721761000,2016-03-23-4-29-21pm,gps,1.2941711180557236,103.77511141171892,6.0,31.563942522499495,337.85858,0.0
2016-03-23-4-29-30pm,1458721770537,1458721771000,2016-03-23-4-29-31pm,gps,1.2943348742642125,103.7750350064297,4.0,31.49386698614306,340.97757,0.0
2016-03-23-4-29-40pm,1458721780525,1458721781000,2016-03-23-4-29-41pm,gps,1.2944632476734412,103.77503391404967,4.0,31.484196601866675,354.64502,0.0
2016-03-23-4-29-49pm,1458721789279,1458721784905,2016-03-23-4-29-44pm,network,1.2942645,103.774426,95.035,-1.0,-1.0,-1.0
2016-03-23-4-30-00pm,1458721800542,1458721801000,2016-03-23-4-30-01pm,gps,1.2946951072343753,103.77493220620832,4.0,33.14852862513454,338.6079,0.0
2016-03-23-4-30-09pm,1458721809377,1458721804773,2016-03-23-4-30-04pm,network,1.2951268,103.7740961,104.977,-1.0,-1.0,-1.0
2016-03-23-4-30-20pm,1458721820529,1458721821000,2016-03-23-4-30-21pm,gps,1.2948405066310889,103.77482700244366,6.0,36.596887968930076,302.73947,0.0
2016-03-23-4-30-30pm,1458721830525,1458721831000,2016-03-23-4-30-31pm,gps,1.2948105394537424,103.77468885142054,4.0,37.208624814623235,267.21127,0.0
2016-03-23-4-30-40pm,1458721840532,1458721841000,2016-03-23-4-30-41pm,gps,1.2947611036533173,103.77461951652377,4.0,34.99108490399931,260.40955,1.2610208
2016-03-23-4-30-49pm,1458721849464,1458721845027,2016-03-23-4-30-45pm,network,1.295088,103.7741295,99.74,-1.0,-1.0,-1.0
2016-03-23-4-31-00pm,1458721860537,1458721861000,2016-03-23-4-31-01pm,gps,1.2947317685998672,103.77446780203854,4.0,31.569414385431052,264.66708,0.0
2016-03-23-4-31-09pm,1458721869469,1458721864891,2016-03-23-4-31-04pm,network,1.2951892,103.7740516,27.0,-1.0,-1.0,-1.0
2016-03-23-4-31-20pm,1458721880532,1458721881000,2016-03-23-4-31-21pm,gps,1.2946919136214496,103.77436624747722,4.0,29.473917206767208,264.66708,0.0
2016-03-23-4-31-30pm,1458721890538,1458721891000,2016-03-23-4-31-31pm,gps,1.2946919136214496,103.77436624747722,8.0,29.560334614879906,264.66708,0.0
2016-03-23-4-31-40pm,1458721900543,1458721901000,2016-03-23-4-31-41pm,gps,1.2948175678555607,103.77428734529198,8.0,30.263150057825733,323.99283,0.0
2016-03-23-4-31-49pm,1458721909450,1458721905123,2016-03-23-4-31-45pm,network,1.2951902,103.7740621,20.0,-1.0,-1.0,-1.0
2016-03-23-4-32-00pm,1458721920533,1458721921000,2016-03-23-4-32-01pm,gps,1.294982531551999,103.77411396673104,6.0,31.71552743811598,294.12244,0.0
2016-03-23-4-32-09pm,1458721929494,1458721924999,2016-03-23-4-32-04pm,network,1.2951927,103.7740541,20.0,-1.0,-1.0,-1.0
2016-03-23-4-32-20pm,1458721940524,1458721941000,2016-03-23-4-32-21pm,gps,1.2949893124554184,103.7740977203848,32.0,32.18398061439956,292.11017,0.0
2016-03-23-4-32-30pm,1458721950535,1458721951000,2016-03-23-4-32-31pm,gps,1.295002134764567,103.77399003025873,24.0,31.594239283602978,265.28098,0.0
2016-03-23-4-32-40pm,1458721960542,1458721961000,2016-03-23-4-32-41pm,gps,1.2950249325507026,103.77387416889657,32.0,30.758457533490596,283.21152,0.0
2016-03-23-4-32-49pm,1458721969821,1458721965135,2016-03-23-4-32-45pm,network,1.2951925,103.7740603,20.0,-1.0,-1.0,-1.0
2016-03-23-4-33-09pm,1458721989678,1458721984951,2016-03-23-4-33-04pm,network,1.2951891,103.774051,26.0,-1.0,-1.0,-1.0
2016-03-23-4-33-33pm,1458722013397,1458722013368,2016-03-23-4-33-33pm,network,1.2946566,103.773527,95.853,-1.0,-1.0,-1.0
2016-03-23-4-33-39pm,1458722019490,1458722020000,2016-03-23-4-33-40pm,gps,1.2950416591264429,103.77367167705165,48.0,6.063641481267233,283.21152,0.0016597137
2016-03-23-4-33-49pm,1458722029532,1458722030000,2016-03-23-4-33-50pm,gps,1.2949883020233182,103.77359126419913,24.0,12.725212056782318,250.11652,0.8997339
2016-03-23-4-34-09pm,1458722049602,1458722045162,2016-03-23-4-34-05pm,network,1.2945522,103.7738938,40.508,-1.0,-1.0,-1.0
2016-03-23-4-34-33pm,1458722073940,1458722073553,2016-03-23-4-34-33pm,network,1.2949473,103.7736882,41.864,-1.0,-1.0,-1.0
2016-03-23-4-34-49pm,1458722089744,1458722085411,2016-03-23-4-34-45pm,network,1.2949094,103.7736979,20.0,-1.0,-1.0,-1.0
2016-03-23-4-35-10pm,1458722110256,1458722105277,2016-03-23-4-35-05pm,network,1.2947444,103.7742053,31.799,-1.0,-1.0,-1.0
2016-03-23-4-35-33pm,1458722133680,1458722133628,2016-03-23-4-35-33pm,network,1.2946959,103.774232,27.662,-1.0,-1.0,-1.0
2016-03-23-4-35-49pm,1458722149950,1458722145503,2016-03-23-4-35-45pm,network,1.2947008,103.7742337,28.137,-1.0,-1.0,-1.0
2016-03-23-4-36-09pm,1458722169856,1458722165382,2016-03-23-4-36-05pm,network,1.2947106,103.7742269,28.924,-1.0,-1.0,-1.0
2016-03-23-4-36-33pm,1458722193700,1458722193660,2016-03-23-4-36-33pm,network,1.2947012,103.7742162,27.922,-1.0,-1.0,-1.0
2016-03-23-4-36-49pm,1458722209871,1458722205523,2016-03-23-4-36-45pm,network,1.2947076,103.7742198,28.554,-1.0,-1.0,-1.0
2016-03-23-4-37-09pm,1458722229882,1458722225401,2016-03-23-4-37-05pm,network,1.2947177,103.774232,29.65,-1.0,-1.0,-1.0
2016-03-23-4-37-33pm,1458722253749,1458722253701,2016-03-23-4-37-33pm,network,1.2947207,103.7742407,30.069,-1.0,-1.0,-1.0
2016-03-23-4-37-49pm,1458722269929,1458722265570,2016-03-23-4-37-45pm,network,1.2947085,103.7742204,28.644,-1.0,-1.0,-1.0
2016-03-23-4-38-11pm,1458722291510,1458722285438,2016-03-23-4-38-05pm,network,1.2947083,103.7742195,28.614,-1.0,-1.0,-1.0
2016-03-23-4-38-35pm,1458722315385,1458722315345,2016-03-23-4-38-35pm,network,1.294712,103.7742208,28.97,-1.0,-1.0,-1.0
2016-03-23-4-38-51pm,1458722331565,1458722327228,2016-03-23-4-38-47pm,network,1.2947286,103.7742215,30.502,-1.0,-1.0,-1.0
2016-03-23-4-39-11pm,1458722351597,1458722347088,2016-03-23-4-39-07pm,network,1.2947183,103.7742103,29.433,-1.0,-1.0,-1.0
2016-03-23-4-39-35pm,1458722375453,1458722375407,2016-03-23-4-39-35pm,network,1.294701,103.7742187,27.934,-1.0,-1.0,-1.0
2016-03-23-4-39-51pm,1458722391612,1458722387281,2016-03-23-4-39-47pm,network,1.2947297,103.7742229,30.62,-1.0,-1.0,-1.0
2016-03-23-4-40-11pm,1458722411621,1458722407163,2016-03-23-4-40-07pm,network,1.294714,103.7742206,29.151,-1.0,-1.0,-1.0
2016-03-23-4-40-36pm,1458722436499,1458722436461,2016-03-23-4-40-36pm,network,1.2947221,103.7742049,27.957,-1.0,-1.0,-1.0
2016-03-23-4-40-52pm,1458722452674,1458722448346,2016-03-23-4-40-48pm,network,1.2947283,103.7742221,30.482,-1.0,-1.0,-1.0
2016-03-23-4-41-12pm,1458722472680,1458722468219,2016-03-23-4-41-08pm,network,1.2947207,103.774217,29.723,-1.0,-1.0,-1.0
2016-03-23-4-41-38pm,1458722498460,1458722498412,2016-03-23-4-41-38pm,network,1.2947137,103.7742226,29.149,-1.0,-1.0,-1.0
2016-03-23-4-41-54pm,1458722514623,1458722510271,2016-03-23-4-41-50pm,network,1.2947217,103.774228,29.956,-1.0,-1.0,-1.0
2016-03-23-4-42-14pm,1458722534591,1458722530128,2016-03-23-4-42-10pm,network,1.2947133,103.7742196,29.074,-1.0,-1.0,-1.0
2016-03-23-4-42-38pm,1458722558556,1458722558519,2016-03-23-4-42-38pm,network,1.2947107,103.7742161,28.794,-1.0,-1.0,-1.0
2016-03-23-4-42-54pm,1458722574738,1458722570395,2016-03-23-4-42-50pm,network,1.2947269,103.7742272,30.42,-1.0,-1.0,-1.0
2016-03-23-4-43-14pm,1458722594748,1458722590270,2016-03-23-4-43-10pm,network,1.2947236,103.7742245,30.081,-1.0,-1.0,-1.0
2016-03-23-4-43-38pm,1458722618657,1458722618620,2016-03-23-4-43-38pm,network,1.294713,103.7742239,29.102,-1.0,-1.0,-1.0
2016-03-23-4-43-54pm,1458722634835,1458722630489,2016-03-23-4-43-50pm,network,1.2947239,103.774222,28.167,-1.0,-1.0,-1.0
2016-03-23-4-44-14pm,1458722654876,1458722650363,2016-03-23-4-44-10pm,network,1.2947138,103.7742157,29.075,-1.0,-1.0,-1.0
2016-03-23-4-44-39pm,1458722679723,1458722679684,2016-03-23-4-44-39pm,network,1.2947216,103.7742305,29.983,-1.0,-1.0,-1.0
2016-03-23-4-44-55pm,1458722695913,1458722691549,2016-03-23-4-44-51pm,network,1.2947118,103.7742223,28.971,-1.0,-1.0,-1.0
2016-03-23-4-45-15pm,1458722715891,1458722711437,2016-03-23-4-45-11pm,network,1.2947191,103.7742205,29.618,-1.0,-1.0,-1.0
2016-03-23-4-45-39pm,1458722739836,1458722739789,2016-03-23-4-45-39pm,network,1.2947175,103.7742212,29.479,-1.0,-1.0,-1.0
