2016-03-23-3-15-19pm,1458717319692,8.0,3
2016-03-23-3-15-19pm,1458717319697,8.0,3
2016-03-23-3-15-23pm,1458717323049,0.0,3
2016-03-23-3-15-25pm,1458717325754,8.0,3
2016-03-23-3-19-43pm,1458717583523,0.0,3
2016-03-23-3-19-45pm,1458717585901,8.0,3
2016-03-23-3-30-35pm,1458718235236,0.0,3
2016-03-23-3-30-35pm,1458718235315,8.0,3
2016-03-23-3-34-34pm,1458718474825,0.0,3
2016-03-23-3-34-34pm,1458718474906,8.0,3
2016-03-23-3-35-00pm,1458718500948,0.0,3
2016-03-23-3-35-01pm,1458718501065,8.0,3
2016-03-23-3-40-27pm,1458718827532,0.0,3
2016-03-23-3-40-27pm,1458718827689,8.0,3
2016-03-23-4-26-20pm,1458721580675,0.0,3
2016-03-23-4-26-23pm,1458721583394,8.0,3
2016-03-23-4-31-50pm,1458721910442,0.0,3
2016-03-23-4-31-50pm,1458721910560,8.0,3
