2016-03-28-1-42-05AM,1459129325264,1459129325163,2016-03-28-1-42-05AM,network,1.3058636,103.7740014,29.552,-1.0,-1.0,-1.0
2016-03-28-1-42-10AM,1459129330929,1459129330000,2016-03-28-1-42-10AM,gps,1.30570449,103.77404401,43.0,15.800000190734863,-1.0,0.0
2016-03-28-1-42-24AM,1459129344879,1459129344827,2016-03-28-1-42-24AM,network,1.305902,103.774015,32.425,-1.0,-1.0,-1.0
2016-03-28-1-42-45AM,1459129365934,1459129365000,2016-03-28-1-42-45AM,gps,1.30568001,103.77405715,10.0,21.600000381469727,-1.0,0.0
2016-03-28-1-43-03AM,1459129383882,1459129370880,2016-03-28-1-42-50AM,network,1.3060101,103.7739818,20.0,-1.0,-1.0,-1.0
2016-03-28-1-43-23AM,1459129403950,1459129402366,2016-03-28-1-43-22AM,network,1.3059955,103.7739978,37.635,-1.0,-1.0,-1.0
2016-03-28-1-43-35AM,1459129415971,1459129415000,2016-03-28-1-43-35AM,gps,1.3064307,103.77393238,10.0,38.20000076293945,316.7,1.25
2016-03-28-1-43-55AM,1459129435083,1459129433630,2016-03-28-1-43-53AM,gps,1.30668465,103.77388287,9.0,37.900001525878906,358.4,1.0
2016-03-28-1-44-05AM,1459129445945,1459129445000,2016-03-28-1-44-05AM,gps,1.30680895,103.77371493,12.0,40.70000076293945,302.3,1.75
2016-03-28-1-44-15AM,1459129455930,1459129455000,2016-03-28-1-44-15AM,gps,1.30696533,103.77366336,12.0,41.400001525878906,300.4,1.0
2016-03-28-1-44-34AM,1459129474992,1459129473470,2016-03-28-1-44-33AM,gps,1.30713012,103.7734982,7.0,36.900001525878906,302.2,1.25
2016-03-28-1-44-45AM,1459129485402,1459129483510,2016-03-28-1-44-43AM,gps,1.30721653,103.77339968,9.0,36.599998474121094,336.9,1.5
2016-03-28-1-44-55AM,1459129495936,1459129495000,2016-03-28-1-44-55AM,gps,1.3073853,103.7733601,8.0,37.5,351.7,2.0
2016-03-28-1-45-04AM,1459129504304,1459129487950,2016-03-28-1-44-47AM,network,1.307355,103.7734596,63.653,-1.0,-1.0,-1.0
2016-03-28-1-45-15AM,1459129515945,1459129515000,2016-03-28-1-45-15AM,gps,1.30769175,103.77371986,15.0,47.400001525878906,45.1,2.5
2016-03-28-1-45-24AM,1459129524036,1459129523558,2016-03-28-1-45-23AM,network,1.307355,103.7734596,63.653,-1.0,-1.0,-1.0
2016-03-28-1-45-36AM,1459129536935,1459129536000,2016-03-28-1-45-36AM,gps,1.30793885,103.77358994,22.0,48.29999923706055,4.0,2.25
2016-03-28-1-45-44AM,1459129544254,1459129534910,2016-03-28-1-45-34AM,network,1.3081956,103.7734959,25.0,-1.0,-1.0,-1.0
2016-03-28-1-45-55AM,1459129555144,1459129553550,2016-03-28-1-45-53AM,gps,1.30801773,103.7737168,9.0,55.29999923706055,58.1,1.0
2016-03-28-1-46-15AM,1459129575089,1459129573550,2016-03-28-1-46-13AM,gps,1.3082996,103.77354041,8.0,45.29999923706055,2.2,0.25
2016-03-28-1-46-25AM,1459129585369,1459129583570,2016-03-28-1-46-23AM,gps,1.30841686,103.77354642,7.0,44.599998474121094,11.4,1.0
2016-03-28-1-46-45AM,1459129605111,1459129603630,2016-03-28-1-46-43AM,gps,1.30850861,103.77338469,5.0,32.099998474121094,1.6,0.25
2016-03-28-1-46-55AM,1459129615042,1459129613490,2016-03-28-1-46-53AM,gps,1.30868238,103.77335814999999,5.0,37.099998474121094,13.2,0.75
2016-03-28-1-47-05AM,1459129625087,1459129623530,2016-03-28-1-47-03AM,gps,1.30878441,103.77327011,5.0,25.700000762939453,329.9,0.75
2016-03-28-1-47-15AM,1459129635013,1459129633490,2016-03-28-1-47-13AM,gps,1.30899173,103.7732756,4.0,28.799999237060547,1.2,1.25
2016-03-28-1-47-25AM,1459129645106,1459129643630,2016-03-28-1-47-23AM,gps,1.3089965,103.77341157,4.0,25.100000381469727,95.7,1.25
2016-03-28-1-47-35AM,1459129655176,1459129653490,2016-03-28-1-47-33AM,gps,1.30898563,103.77350561,5.0,22.700000762939453,100.3,1.0
2016-03-28-1-47-45AM,1459129665103,1459129663550,2016-03-28-1-47-43AM,gps,1.30897273,103.7735822,6.0,21.799999237060547,96.2,1.0
2016-03-28-1-47-55AM,1459129675038,1459129673570,2016-03-28-1-47-53AM,gps,1.30899322,103.7736662,8.0,16.200000762939453,77.8,1.0
2016-03-28-1-48-05AM,1459129685968,1459129685000,2016-03-28-1-48-05AM,gps,1.3089913,103.77373666,9.0,16.0,75.1,0.5
2016-03-28-1-48-25AM,1459129705175,1459129703690,2016-03-28-1-48-23AM,gps,1.30896228,103.77395131,5.0,14.399999618530273,77.0,1.0
2016-03-28-1-48-35AM,1459129715189,1459129713630,2016-03-28-1-48-33AM,gps,1.30886151,103.7740607,5.0,14.199999809265137,109.2,1.25
2016-03-28-1-48-45AM,1459129725136,1459129723550,2016-03-28-1-48-43AM,gps,1.30888557,103.77423718,7.0,15.800000190734863,81.8,1.5
2016-03-28-1-48-55AM,1459129735106,1459129733630,2016-03-28-1-48-53AM,gps,1.30890994,103.7743305,7.0,21.700000762939453,99.6,1.25
2016-03-28-1-49-05AM,1459129745164,1459129743590,2016-03-28-1-49-03AM,gps,1.3088858,103.7744558,8.0,32.70000076293945,105.3,1.25
2016-03-28-1-49-15AM,1459129755113,1459129753570,2016-03-28-1-49-13AM,gps,1.3088699,103.77459857,5.0,35.70000076293945,103.1,1.5
2016-03-28-1-49-25AM,1459129765151,1459129763630,2016-03-28-1-49-23AM,gps,1.30882976,103.77473302,6.0,33.0,96.8,1.5
2016-03-28-1-49-35AM,1459129775188,1459129773570,2016-03-28-1-49-33AM,gps,1.30876606,103.77483301,6.0,30.700000762939453,111.4,1.25
2016-03-28-1-49-55AM,1459129795103,1459129793550,2016-03-28-1-49-53AM,gps,1.30866228,103.77507651,6.0,30.299999237060547,90.2,0.75
2016-03-28-1-50-05AM,1459129805104,1459129803530,2016-03-28-1-50-03AM,gps,1.30858605,103.77524718,6.0,28.799999237060547,99.1,1.75
2016-03-28-1-50-15AM,1459129815116,1459129813550,2016-03-28-1-50-13AM,gps,1.30849165,103.77532346,4.0,26.299999237060547,136.9,1.5
2016-03-28-1-50-25AM,1459129825055,1459129823490,2016-03-28-1-50-23AM,gps,1.30842431,103.77544425,4.0,27.299999237060547,110.2,1.25
2016-03-28-1-50-35AM,1459129835061,1459129833490,2016-03-28-1-50-33AM,gps,1.30842212,103.77557539,5.0,31.299999237060547,115.1,1.5
2016-03-28-1-50-45AM,1459129845146,1459129843550,2016-03-28-1-50-43AM,gps,1.30839739,103.77564726,4.0,27.5,118.2,0.5
2016-03-28-1-50-55AM,1459129855087,1459129853510,2016-03-28-1-50-53AM,gps,1.30829309,103.77580461,5.0,27.100000381469727,114.7,1.75
2016-03-28-1-51-05AM,1459129865080,1459129863510,2016-03-28-1-51-03AM,gps,1.30819284,103.77593643,5.0,24.700000762939453,123.2,1.25
2016-03-28-1-51-15AM,1459129875958,1459129875000,2016-03-28-1-51-15AM,gps,1.30820088,103.77610469,7.0,21.5,116.8,1.25
2016-03-28-1-51-35AM,1459129895334,1459129893570,2016-03-28-1-51-33AM,gps,1.3081437,103.77625737,6.0,20.5,120.3,1.0
2016-03-28-1-51-55AM,1459129915091,1459129913530,2016-03-28-1-51-53AM,gps,1.30803264,103.77654219,8.0,24.5,110.6,1.5
2016-03-28-1-52-15AM,1459129935975,1459129935000,2016-03-28-1-52-15AM,gps,1.30789219,103.7768304,13.0,42.0,132.3,2.25
2016-03-28-1-52-35AM,1459129955058,1459129953490,2016-03-28-1-52-33AM,gps,1.30767557,103.77701767,7.0,39.599998474121094,125.2,1.5
2016-03-28-1-52-45AM,1459129965965,1459129965000,2016-03-28-1-52-45AM,gps,1.30773264,103.77714844,7.0,54.599998474121094,136.6,1.75
2016-03-28-1-53-05AM,1459129985072,1459129983510,2016-03-28-1-53-03AM,gps,1.3077,103.77741419,5.0,69.19999694824219,94.7,1.25
2016-03-28-1-53-15AM,1459129995129,1459129993530,2016-03-28-1-53-13AM,gps,1.30764417,103.77756127,6.0,63.900001525878906,96.1,1.5
2016-03-28-1-53-25AM,1459130005164,1459130003590,2016-03-28-1-53-23AM,gps,1.30759104,103.77769095,5.0,51.79999923706055,122.2,1.25
2016-03-28-1-53-35AM,1459130015128,1459130013550,2016-03-28-1-53-33AM,gps,1.30760924,103.77781131,7.0,45.20000076293945,99.9,1.25
2016-03-28-1-53-45AM,1459130025050,1459130023470,2016-03-28-1-53-43AM,gps,1.30761326,103.77789076,8.0,39.5,89.0,0.5
2016-03-28-1-53-55AM,1459130035058,1459130033490,2016-03-28-1-53-53AM,gps,1.30747813,103.77801234,7.0,42.70000076293945,128.7,1.5
2016-03-28-1-54-05AM,1459130045143,1459130043550,2016-03-28-1-54-03AM,gps,1.30743847,103.77816176,8.0,39.400001525878906,117.2,1.25
2016-03-28-1-54-15AM,1459130055027,1459130053450,2016-03-28-1-54-13AM,gps,1.30729727,103.77826997,7.0,45.20000076293945,123.9,1.5
2016-03-28-1-54-25AM,1459130065089,1459130063510,2016-03-28-1-54-23AM,gps,1.30726882,103.77836057,4.0,47.29999923706055,112.5,1.25
2016-03-28-1-54-35AM,1459130075138,1459130073550,2016-03-28-1-54-33AM,gps,1.30720298,103.77851353,7.0,47.20000076293945,111.3,1.5
2016-03-28-1-54-55AM,1459130095140,1459130093550,2016-03-28-1-54-53AM,gps,1.30705724,103.77871846,5.0,51.70000076293945,120.0,1.0
2016-03-28-1-55-05AM,1459130105191,1459130103610,2016-03-28-1-55-03AM,gps,1.3069313,103.77894449,7.0,48.5,115.2,2.0
2016-03-28-1-55-25AM,1459130125070,1459130123490,2016-03-28-1-55-23AM,gps,1.3069746,103.77911647,6.0,27.100000381469727,96.8,1.5
2016-03-28-1-55-35AM,1459130135088,1459130133490,2016-03-28-1-55-33AM,gps,1.30688523,103.77919746,5.0,32.0,113.1,1.5
2016-03-28-1-55-45AM,1459130145120,1459130143510,2016-03-28-1-55-43AM,gps,1.30687766,103.77931205,4.0,34.79999923706055,89.5,1.0
2016-03-28-1-55-55AM,1459130155122,1459130153530,2016-03-28-1-55-53AM,gps,1.30680224,103.77946392,7.0,32.70000076293945,110.0,1.5
2016-03-28-1-56-05AM,1459130165044,1459130163470,2016-03-28-1-56-03AM,gps,1.30668902,103.77955597,5.0,31.799999237060547,126.8,1.5
2016-03-28-1-56-15AM,1459130175053,1459130173450,2016-03-28-1-56-13AM,gps,1.30662622,103.77968512,6.0,27.5,119.6,1.25
2016-03-28-1-56-25AM,1459130185067,1459130183470,2016-03-28-1-56-23AM,gps,1.30648557,103.77977133,7.0,25.299999237060547,149.5,1.25
2016-03-28-1-56-35AM,1459130195369,1459130193570,2016-03-28-1-56-33AM,gps,1.30654303,103.77984232,5.0,24.799999237060547,114.0,1.0
2016-03-28-1-56-55AM,1459130215133,1459130213550,2016-03-28-1-56-53AM,gps,1.30636183,103.78004775,4.0,18.899999618530273,148.1,1.25
2016-03-28-1-57-05AM,1459130225134,1459130223550,2016-03-28-1-57-03AM,gps,1.3062883,103.78016641,6.0,19.600000381469727,124.1,1.25
2016-03-28-1-57-15AM,1459130235993,1459130235000,2016-03-28-1-57-15AM,gps,1.30611518,103.78016565,9.0,26.600000381469727,173.3,1.75
2016-03-28-1-57-35AM,1459130255104,1459130253510,2016-03-28-1-57-33AM,gps,1.30593689,103.78041943,6.0,24.200000762939453,148.6,1.25
2016-03-28-1-57-45AM,1459130265163,1459130263550,2016-03-28-1-57-43AM,gps,1.30579597,103.78052551,5.0,28.299999237060547,162.0,1.75
2016-03-28-1-57-55AM,1459130275146,1459130273550,2016-03-28-1-57-53AM,gps,1.30575527,103.78059645,4.0,24.299999237060547,135.1,0.5
2016-03-28-1-58-05AM,1459130285152,1459130283550,2016-03-28-1-58-03AM,gps,1.3057814,103.78062288,6.0,21.5,-1.0,0.0
2016-03-28-1-58-15AM,1459130295166,1459130293570,2016-03-28-1-58-13AM,gps,1.3057804,103.78063244,8.0,21.399999618530273,-1.0,0.0
2016-03-28-1-58-25AM,1459130305205,1459130303670,2016-03-28-1-58-23AM,gps,1.30577601,103.78060798,7.0,21.899999618530273,-1.0,0.0
2016-03-28-1-58-35AM,1459130315178,1459130313570,2016-03-28-1-58-33AM,gps,1.30577156,103.78062143,4.0,25.100000381469727,-1.0,0.0
2016-03-28-1-58-45AM,1459130325234,1459130323630,2016-03-28-1-58-43AM,gps,1.30582165,103.78062895,5.0,19.299999237060547,-1.0,0.0
2016-03-28-1-58-55AM,1459130335194,1459130333590,2016-03-28-1-58-53AM,gps,1.30580905,103.78063724,4.0,20.399999618530273,-1.0,0.0
2016-03-28-1-59-05AM,1459130345196,1459130343610,2016-03-28-1-59-03AM,gps,1.3057975,103.78064015,4.0,23.600000381469727,-1.0,0.0
2016-03-28-1-59-15AM,1459130355203,1459130353590,2016-03-28-1-59-13AM,gps,1.30579662,103.78064182,7.0,21.5,-1.0,0.0
2016-03-28-1-59-25AM,1459130365190,1459130363570,2016-03-28-1-59-23AM,gps,1.30580319,103.78063921,5.0,21.100000381469727,-1.0,0.0
2016-03-28-1-59-35AM,1459130375234,1459130373630,2016-03-28-1-59-33AM,gps,1.30579338,103.78063348,6.0,22.600000381469727,-1.0,0.0
2016-03-28-1-59-45AM,1459130385222,1459130383630,2016-03-28-1-59-43AM,gps,1.30565785,103.78070879,5.0,25.700000762939453,145.5,1.75
2016-03-28-2-00-05AM,1459130405285,1459130403670,2016-03-28-2-00-03AM,gps,1.30543869,103.78079391,6.0,19.899999618530273,134.9,0.75
2016-03-28-2-00-25AM,1459130425138,1459130423610,2016-03-28-2-00-23AM,gps,1.30520795,103.7810839,9.0,20.399999618530273,144.2,1.25
2016-03-28-2-00-36AM,1459130436007,1459130435000,2016-03-28-2-00-35AM,gps,1.30509476,103.78104468,9.0,21.299999237060547,143.0,2.0
2016-03-28-2-00-55AM,1459130455111,1459130453570,2016-03-28-2-00-53AM,gps,1.30485522,103.781201,7.0,14.800000190734863,138.1,2.0
2016-03-28-2-01-05AM,1459130465107,1459130463490,2016-03-28-2-01-03AM,gps,1.30475864,103.78126187,6.0,17.5,152.6,1.5
2016-03-28-2-01-15AM,1459130475163,1459130473550,2016-03-28-2-01-13AM,gps,1.30466794,103.78136556,9.0,12.0,126.5,1.25
2016-03-28-2-01-26AM,1459130486016,1459130485000,2016-03-28-2-01-25AM,gps,1.3044901,103.78138226,9.0,16.799999237060547,159.1,1.5
2016-03-28-2-01-36AM,1459130496019,1459130495000,2016-03-28-2-01-35AM,gps,1.30442597,103.7813176,7.0,11.100000381469727,164.9,0.25
2016-03-28-2-01-54AM,1459130514981,1459130513430,2016-03-28-2-01-53AM,gps,1.30423866,103.78154491,5.0,22.5,152.7,1.5
2016-03-28-2-02-05AM,1459130525123,1459130523510,2016-03-28-2-02-03AM,gps,1.30420355,103.78165972,8.0,27.600000381469727,152.7,0.75
2016-03-28-2-02-16AM,1459130536012,1459130535000,2016-03-28-2-02-15AM,gps,1.30410261,103.78171256,7.0,31.799999237060547,148.9,1.5
2016-03-28-2-02-35AM,1459130555106,1459130553490,2016-03-28-2-02-33AM,gps,1.30392955,103.78178668,4.0,27.5,129.8,1.25
2016-03-28-2-02-45AM,1459130565175,1459130563550,2016-03-28-2-02-43AM,gps,1.30378952,103.78183971,6.0,28.399999618530273,145.0,1.5
2016-03-28-2-02-55AM,1459130575084,1459130573490,2016-03-28-2-02-53AM,gps,1.3036535,103.78179325,9.0,28.399999618530273,181.8,1.5
2016-03-28-2-03-05AM,1459130585184,1459130583570,2016-03-28-2-03-03AM,gps,1.30347847,103.78203126,9.0,16.799999237060547,160.2,1.75
2016-03-28-2-03-15AM,1459130595207,1459130593570,2016-03-28-2-03-13AM,gps,1.30338321,103.78204506,9.0,14.699999809265137,159.0,1.5
2016-03-28-2-03-26AM,1459130606017,1459130605000,2016-03-28-2-03-25AM,gps,1.3032116,103.78214307,17.0,15.899999618530273,151.7,1.5
2016-03-28-2-03-45AM,1459130625103,1459130623470,2016-03-28-2-03-43AM,gps,1.30292073,103.78235322,7.0,15.199999809265137,148.1,1.5
2016-03-28-2-03-55AM,1459130635125,1459130633490,2016-03-28-2-03-53AM,gps,1.3028689,103.78251621,5.0,18.200000762939453,137.5,1.5
2016-03-28-2-04-05AM,1459130645105,1459130643490,2016-03-28-2-04-03AM,gps,1.30284706,103.7825685,4.0,12.699999809265137,146.2,1.5
2016-03-28-2-04-15AM,1459130655110,1459130653490,2016-03-28-2-04-13AM,gps,1.30278334,103.78254054,8.0,20.299999237060547,171.6,1.25
2016-03-28-2-04-25AM,1459130665178,1459130663550,2016-03-28-2-04-23AM,gps,1.30271127,103.7825417,7.0,24.299999237060547,175.9,0.75
2016-03-28-2-04-35AM,1459130675205,1459130673550,2016-03-28-2-04-33AM,gps,1.30252482,103.78279785,6.0,22.200000762939453,156.0,1.75
2016-03-28-2-04-45AM,1459130685147,1459130683510,2016-03-28-2-04-43AM,gps,1.30240882,103.78294759,6.0,24.200000762939453,141.7,1.25
2016-03-28-2-04-55AM,1459130695091,1459130693530,2016-03-28-2-04-53AM,gps,1.30230715,103.78302736,6.0,21.399999618530273,135.1,1.5
2016-03-28-2-05-05AM,1459130705220,1459130703590,2016-03-28-2-05-03AM,gps,1.30227996,103.78307627,5.0,20.700000762939453,118.6,1.0
2016-03-28-2-05-25AM,1459130725189,1459130723550,2016-03-28-2-05-23AM,gps,1.30208787,103.78325961,7.0,25.0,130.3,1.25
2016-03-28-2-05-45AM,1459130745216,1459130743550,2016-03-28-2-05-43AM,gps,1.30194767,103.78331034,4.0,22.700000762939453,-1.0,0.0
2016-03-28-2-05-55AM,1459130755131,1459130753570,2016-03-28-2-05-53AM,gps,1.30192857,103.78331298,4.0,23.899999618530273,-1.0,0.0
2016-03-28-2-06-05AM,1459130765151,1459130763510,2016-03-28-2-06-03AM,gps,1.30190718,103.78335805,4.0,22.799999237060547,-1.0,0.0
2016-03-28-2-06-15AM,1459130775130,1459130773550,2016-03-28-2-06-13AM,gps,1.30190525,103.78335225,4.0,23.799999237060547,-1.0,0.0
2016-03-28-2-06-25AM,1459130785078,1459130783450,2016-03-28-2-06-23AM,gps,1.3019129,103.78335425,5.0,23.299999237060547,-1.0,0.0
2016-03-28-2-06-35AM,1459130795240,1459130793550,2016-03-28-2-06-33AM,gps,1.30191694,103.7833575,3.0,22.100000381469727,-1.0,0.0
2016-03-28-2-06-45AM,1459130805271,1459130803710,2016-03-28-2-06-43AM,gps,1.3019181,103.78335732,4.0,21.799999237060547,-1.0,0.0
2016-03-28-2-07-05AM,1459130825196,1459130823550,2016-03-28-2-07-03AM,gps,1.30177433,103.78353824,6.0,16.299999237060547,143.1,0.5
2016-03-28-2-07-15AM,1459130835091,1459130833530,2016-03-28-2-07-13AM,gps,1.3016192,103.7836631,7.0,11.0,139.8,1.25
2016-03-28-2-07-25AM,1459130845151,1459130843510,2016-03-28-2-07-23AM,gps,1.30152188,103.78366677,5.0,17.100000381469727,148.5,0.5
2016-03-28-2-07-35AM,1459130855134,1459130853570,2016-03-28-2-07-33AM,gps,1.30144417,103.7836955,7.0,16.600000381469727,-1.0,0.0
2016-03-28-2-07-45AM,1459130865134,1459130863490,2016-03-28-2-07-43AM,gps,1.30139632,103.78373677,8.0,26.200000762939453,163.2,0.25
2016-03-28-2-08-05AM,1459130885213,1459130883570,2016-03-28-2-08-03AM,gps,1.30117263,103.78397264,7.0,22.0,110.4,1.0
2016-03-28-2-08-25AM,1459130905152,1459130903530,2016-03-28-2-08-23AM,gps,1.30097175,103.78415885,7.0,22.5,122.4,1.0
2016-03-28-2-08-35AM,1459130915122,1459130913550,2016-03-28-2-08-33AM,gps,1.30085832,103.78426996,6.0,23.600000381469727,140.2,1.5
2016-03-28-2-08-45AM,1459130925072,1459130923450,2016-03-28-2-08-43AM,gps,1.30071721,103.78436361,5.0,24.0,141.0,1.75
2016-03-28-2-08-55AM,1459130935124,1459130933550,2016-03-28-2-08-53AM,gps,1.30057576,103.78451486,4.0,17.899999618530273,142.1,1.5
2016-03-28-2-09-06AM,1459130946035,1459130945000,2016-03-28-2-09-05AM,gps,1.30040011,103.78457181,7.0,29.100000381469727,165.1,1.5
2016-03-28-2-09-26AM,1459130966049,1459130965000,2016-03-28-2-09-25AM,gps,1.3002912,103.78474605,8.0,27.200000762939453,165.8,0.5
2016-03-28-2-09-45AM,1459130985200,1459130983530,2016-03-28-2-09-43AM,gps,1.30011153,103.78487568,9.0,36.70000076293945,134.3,1.0
2016-03-28-2-10-05AM,1459131005232,1459131003570,2016-03-28-2-10-03AM,gps,1.29989756,103.78509524,6.0,26.600000381469727,147.9,1.0
2016-03-28-2-10-25AM,1459131025198,1459131023550,2016-03-28-2-10-23AM,gps,1.29972466,103.78532589,6.0,27.299999237060547,153.2,0.5
2016-03-28-2-10-46AM,1459131046056,1459131045000,2016-03-28-2-10-45AM,gps,1.29963416,103.78536105,9.0,28.799999237060547,-1.0,0.0
2016-03-28-2-11-04AM,1459131064101,1459131062370,2016-03-28-2-11-02AM,gps,1.2995869,103.78540463,6.0,31.700000762939453,-1.0,0.0
2016-03-28-2-11-14AM,1459131074143,1459131072370,2016-03-28-2-11-12AM,gps,1.2995771,103.78540945,7.0,33.5,-1.0,0.0
2016-03-28-2-11-24AM,1459131084090,1459131082370,2016-03-28-2-11-22AM,gps,1.29957356,103.78541944,7.0,35.099998474121094,-1.0,0.0
2016-03-28-2-11-34AM,1459131094037,1459131092370,2016-03-28-2-11-32AM,gps,1.29953896,103.78546819,4.0,34.20000076293945,145.9,1.25
2016-03-28-2-11-44AM,1459131104087,1459131102370,2016-03-28-2-11-42AM,gps,1.29945913,103.78554843,3.0,35.0,128.7,1.5
2016-03-28-2-12-04AM,1459131124051,1459131122370,2016-03-28-2-12-02AM,gps,1.29941855,103.78573707,3.0,29.600000381469727,136.9,1.5
2016-03-28-2-12-14AM,1459131134183,1459131132370,2016-03-28-2-12-12AM,gps,1.29934631,103.78584236,3.0,29.600000381469727,120.5,1.5
2016-03-28-2-12-24AM,1459131144057,1459131142370,2016-03-28-2-12-22AM,gps,1.29930591,103.78592526,3.0,32.599998474121094,112.4,1.0
2016-03-28-2-12-34AM,1459131154031,1459131152370,2016-03-28-2-12-32AM,gps,1.29922758,103.78605359,9.0,35.29999923706055,113.7,1.25
2016-03-28-2-12-44AM,1459131164151,1459131162370,2016-03-28-2-12-42AM,gps,1.29916902,103.78621071,9.0,35.20000076293945,112.4,1.5
2016-03-28-2-12-54AM,1459131174143,1459131172370,2016-03-28-2-12-52AM,gps,1.29911536,103.78633505,9.0,35.70000076293945,108.8,1.5
2016-03-28-2-13-05AM,1459131185066,1459131184000,2016-03-28-2-13-04AM,gps,1.29905893,103.78646089,11.0,31.200000762939453,119.3,1.5
2016-03-28-2-13-15AM,1459131195089,1459131194000,2016-03-28-2-13-14AM,gps,1.29902134,103.7865979,11.0,33.29999923706055,99.7,1.5
2016-03-28-2-13-25AM,1459131205082,1459131204000,2016-03-28-2-13-24AM,gps,1.298998,103.78662498999999,11.0,37.900001525878906,-1.0,0.0
2016-03-28-2-13-35AM,1459131215065,1459131214000,2016-03-28-2-13-34AM,gps,1.29897752,103.78667991,12.0,37.70000076293945,-1.0,0.0
2016-03-28-2-13-45AM,1459131225077,1459131224000,2016-03-28-2-13-44AM,gps,1.29899264,103.78680561,12.0,44.599998474121094,88.9,0.75
2016-03-28-2-13-55AM,1459131235065,1459131234000,2016-03-28-2-13-54AM,gps,1.29898418,103.78688071,10.0,45.400001525878906,-1.0,0.0
2016-03-28-2-14-15AM,1459131255062,1459131254000,2016-03-28-2-14-14AM,gps,1.29896869,103.78689451,12.0,46.29999923706055,-1.0,0.0
2016-03-28-2-19-22AM,1459131562082,1459131561000,2016-03-28-2-19-21AM,gps,1.30734797,103.79107392,60.0,30.799999237060547,16.1,2.0
2016-03-28-2-19-33AM,1459131573156,1459131572000,2016-03-28-2-19-32AM,gps,1.30714287,103.79060225,29.0,1.899999976158142,-1.0,0.0
2016-03-28-2-19-44AM,1459131584099,1459131583000,2016-03-28-2-19-43AM,gps,1.30717312,103.79041723,16.0,-10.800000190734863,-1.0,0.0
2016-03-28-2-19-54AM,1459131594091,1459131593000,2016-03-28-2-19-53AM,gps,1.30724919,103.79034806,11.0,-16.100000381469727,-1.0,0.0
2016-03-28-2-20-04AM,1459131604095,1459131603000,2016-03-28-2-20-03AM,gps,1.30725294,103.7903484,10.0,-16.5,-1.0,0.0
2016-03-28-2-20-14AM,1459131614092,1459131613000,2016-03-28-2-20-13AM,gps,1.30725315,103.79034779,11.0,-16.600000381469727,-1.0,0.0
2016-03-28-2-20-24AM,1459131624098,1459131623000,2016-03-28-2-20-23AM,gps,1.30725229,103.79034275,12.0,-16.799999237060547,-1.0,0.0
2016-03-28-2-20-34AM,1459131634096,1459131633000,2016-03-28-2-20-33AM,gps,1.30725201,103.79034409,12.0,-16.899999618530273,-1.0,0.0
2016-03-28-2-20-45AM,1459131645099,1459131644000,2016-03-28-2-20-44AM,gps,1.30725139,103.79034298,24.0,-17.0,-1.0,0.0
2016-03-28-2-21-04AM,1459131664091,1459131663000,2016-03-28-2-21-03AM,gps,1.30725136,103.79034285,12.0,-17.100000381469727,-1.0,0.0
2016-03-28-2-21-14AM,1459131674117,1459131673000,2016-03-28-2-21-13AM,gps,1.30725174,103.79034367,11.0,-17.200000762939453,-1.0,0.0
2016-03-28-2-21-24AM,1459131684118,1459131683000,2016-03-28-2-21-23AM,gps,1.3072519,103.79034433,12.0,-17.200000762939453,-1.0,0.0
2016-03-28-2-21-34AM,1459131694103,1459131693000,2016-03-28-2-21-33AM,gps,1.30725181,103.7903446,12.0,-17.200000762939453,-1.0,0.0
2016-03-28-2-21-44AM,1459131704095,1459131703000,2016-03-28-2-21-43AM,gps,1.30725179,103.79034483,11.0,-17.200000762939453,-1.0,0.0
2016-03-28-2-21-54AM,1459131714102,1459131713000,2016-03-28-2-21-53AM,gps,1.30725195,103.79034576,11.0,-17.299999237060547,-1.0,0.0
2016-03-28-2-22-04AM,1459131724105,1459131723000,2016-03-28-2-22-03AM,gps,1.30725193,103.79034611,13.0,-17.299999237060547,-1.0,0.0
2016-03-28-2-22-14AM,1459131734096,1459131733000,2016-03-28-2-22-13AM,gps,1.30725144,103.79034818,17.0,-17.299999237060547,-1.0,0.0
2016-03-28-2-22-25AM,1459131745139,1459131744000,2016-03-28-2-22-24AM,gps,1.30725125,103.79034619,20.0,-17.5,-1.0,0.0
2016-03-28-2-22-36AM,1459131756101,1459131755000,2016-03-28-2-22-35AM,gps,1.30725121,103.79034588,38.0,-17.5,-1.0,0.0
2016-03-28-2-22-55AM,1459131775099,1459131774000,2016-03-28-2-22-54AM,gps,1.30725144,103.7903455,21.0,-17.600000381469727,-1.0,0.0
2016-03-28-2-23-14AM,1459131794110,1459131793000,2016-03-28-2-23-13AM,gps,1.30692178,103.79244172,11.0,-19.0,107.6,16.0
2016-03-28-2-23-24AM,1459131804112,1459131803000,2016-03-28-2-23-23AM,gps,1.30628987,103.7938279,14.0,-8.899999618530273,123.9,17.0
2016-03-28-2-23-34AM,1459131814124,1459131813000,2016-03-28-2-23-33AM,gps,1.30536648,103.79496993,18.0,0.6000000238418579,130.7,16.25
2016-03-28-2-23-44AM,1459131824104,1459131823000,2016-03-28-2-23-43AM,gps,1.30435507,103.79610405,13.0,-2.299999952316284,130.8,16.75
2016-03-28-2-23-54AM,1459131834108,1459131833000,2016-03-28-2-23-53AM,gps,1.30333535,103.79722699,15.0,-0.699999988079071,130.2,16.75
2016-03-28-2-24-04AM,1459131844117,1459131843000,2016-03-28-2-24-03AM,gps,1.30263247,103.79811037,14.0,-1.2999999523162842,125.5,9.25
2016-03-28-2-24-14AM,1459131854105,1459131853000,2016-03-28-2-24-13AM,gps,1.30222921,103.79847977,18.0,1.5,148.2,2.75
2016-03-28-2-24-24AM,1459131864114,1459131863000,2016-03-28-2-24-23AM,gps,1.30202008,103.79846251,18.0,1.399999976158142,202.1,2.0
2016-03-28-2-24-35AM,1459131875129,1459131874000,2016-03-28-2-24-34AM,gps,1.30191149,103.79841852,20.0,-0.5,202.5,1.0
2016-03-28-2-24-55AM,1459131895117,1459131894000,2016-03-28-2-24-54AM,gps,1.30148832,103.79930495,16.0,-1.399999976158142,133.1,11.0
2016-03-28-2-25-14AM,1459131914111,1459131913000,2016-03-28-2-25-13AM,gps,1.29961482,103.80143313,11.0,4.5,131.8,16.75
2016-03-28-2-25-24AM,1459131924116,1459131923000,2016-03-28-2-25-23AM,gps,1.29860599,103.80250515,11.0,7.599999904632568,134.9,16.0
2016-03-28-2-25-34AM,1459131934117,1459131933000,2016-03-28-2-25-33AM,gps,1.2976256,103.80370209,11.0,9.699999809265137,133.9,16.0
2016-03-28-2-25-54AM,1459131954119,1459131953000,2016-03-28-2-25-53AM,gps,1.29523095,103.80560019,17.0,10.300000190734863,149.0,17.0
2016-03-28-2-26-50AM,1459132010140,1459132009000,2016-03-28-2-26-49AM,gps,1.29376434,103.80645025,110.0,10.5,158.9,3.75
2016-03-28-2-27-03AM,1459132023120,1459132022000,2016-03-28-2-27-02AM,gps,1.29262337,103.8072834,18.0,8.600000381469727,137.3,14.25
2016-03-28-2-27-22AM,1459132042154,1459132041000,2016-03-28-2-27-21AM,gps,1.29130994,103.80957361,11.0,17.799999237060547,109.2,16.5
2016-03-28-2-27-32AM,1459132052130,1459132051000,2016-03-28-2-27-31AM,gps,1.29103539,103.8108927,10.0,16.899999618530273,98.3,13.0
2016-03-28-2-27-42AM,1459132062142,1459132061000,2016-03-28-2-27-41AM,gps,1.29080207,103.81188578,14.0,33.29999923706055,101.3,9.25
2016-03-28-2-27-52AM,1459132072126,1459132071000,2016-03-28-2-27-51AM,gps,1.29067003,103.81283961,11.0,33.5,96.7,10.25
2016-03-28-2-28-02AM,1459132082146,1459132081000,2016-03-28-2-28-01AM,gps,1.29053027,103.81365064,12.0,36.400001525878906,105.4,7.75
2016-03-28-2-28-12AM,1459132092162,1459132091000,2016-03-28-2-28-11AM,gps,1.29034672,103.81450948,13.0,34.0,98.1,9.75
2016-03-28-2-28-22AM,1459132102143,1459132101000,2016-03-28-2-28-21AM,gps,1.29018707,103.81541021,15.0,32.5,105.1,9.0
2016-03-28-2-28-33AM,1459132113131,1459132112000,2016-03-28-2-28-32AM,gps,1.28997637,103.81632355,30.0,33.099998474121094,102.8,10.5
2016-03-28-2-29-33AM,1459132173137,1459132172000,2016-03-28-2-29-32AM,gps,1.2888801,103.81820037,121.0,30.0,109.2,8.75
2016-03-28-2-29-46AM,1459132186141,1459132185000,2016-03-28-2-29-45AM,gps,1.28865893,103.81925341,24.0,30.600000381469727,99.1,10.25
2016-03-28-2-53-52AM,1459133632238,1459133631000,2016-03-28-2-53-51AM,gps,1.29046862,103.81866735,30.0,217.10000610351563,273.3,12.75
2016-03-28-2-54-04AM,1459133644258,1459133643000,2016-03-28-2-54-03AM,gps,1.29083842,103.81755014,18.0,185.6999969482422,278.7,11.25
2016-03-28-2-54-40AM,1459133680253,1459133679000,2016-03-28-2-54-39AM,gps,1.29011329,103.81704424,71.0,159.89999389648438,308.1,1.25
2016-03-28-2-54-51AM,1459133691252,1459133690000,2016-03-28-2-54-50AM,gps,1.2901913,103.81689792,49.0,113.4000015258789,319.8,1.0
2016-03-28-2-55-03AM,1459133703246,1459133702000,2016-03-28-2-55-02AM,gps,1.28974249,103.816566,14.0,41.29999923706055,317.8,0.5
2016-03-28-2-55-13AM,1459133713269,1459133712000,2016-03-28-2-55-12AM,gps,1.28970248,103.81666473,12.0,33.70000076293945,317.8,0.5
2016-03-28-2-55-24AM,1459133724263,1459133723000,2016-03-28-2-55-23AM,gps,1.28967489,103.8166973,29.0,32.0,317.8,0.5
2016-03-28-2-55-56AM,1459133756271,1459133755000,2016-03-28-2-55-55AM,gps,1.28919603,103.81715484,48.0,30.299999237060547,5.1,0.75
2016-03-28-2-56-08AM,1459133768262,1459133767000,2016-03-28-2-56-07AM,gps,1.2889306,103.81692699,17.0,22.200000762939453,-1.0,0.0
2016-03-28-2-56-18AM,1459133778255,1459133777000,2016-03-28-2-56-17AM,gps,1.28894476,103.81691387,18.0,20.200000762939453,-1.0,0.0
2016-03-28-2-56-37AM,1459133797299,1459133795370,2016-03-28-2-56-35AM,gps,1.28906958,103.81677445,8.0,20.799999237060547,302.0,0.75
2016-03-28-2-56-48AM,1459133808258,1459133807000,2016-03-28-2-56-47AM,gps,1.28918397,103.81666057,11.0,17.0,293.4,1.0
2016-03-28-2-56-58AM,1459133818283,1459133817000,2016-03-28-2-56-57AM,gps,1.28932916,103.81661086,11.0,21.100000381469727,351.7,1.0
2016-03-28-2-57-18AM,1459133838261,1459133837000,2016-03-28-2-57-17AM,gps,1.28943833,103.81660966,10.0,19.899999618530273,-1.0,0.0
2016-03-28-2-57-37AM,1459133857247,1459133855370,2016-03-28-2-57-35AM,gps,1.28943963,103.81661235,4.0,19.899999618530273,-1.0,0.0
2016-03-28-2-57-47AM,1459133867276,1459133865370,2016-03-28-2-57-45AM,gps,1.28944007,103.81661259,6.0,20.0,-1.0,0.0
2016-03-28-2-57-57AM,1459133877272,1459133875370,2016-03-28-2-57-55AM,gps,1.28944085,103.81661294,5.0,20.100000381469727,-1.0,0.0
2016-03-28-2-58-07AM,1459133887279,1459133885370,2016-03-28-2-58-05AM,gps,1.28945416,103.81661819,6.0,20.399999618530273,-1.0,0.0
2016-03-28-2-58-17AM,1459133897204,1459133895370,2016-03-28-2-58-15AM,gps,1.28946683,103.81663933,6.0,21.200000762939453,-1.0,0.0
2016-03-28-2-58-27AM,1459133907258,1459133905370,2016-03-28-2-58-25AM,gps,1.28947276,103.81664182,6.0,21.799999237060547,-1.0,0.0
2016-03-28-2-58-37AM,1459133917275,1459133915370,2016-03-28-2-58-35AM,gps,1.28947332,103.81664217,6.0,21.799999237060547,-1.0,0.0
2016-03-28-2-58-47AM,1459133927214,1459133925370,2016-03-28-2-58-45AM,gps,1.28947545,103.81664325,9.0,22.0,-1.0,0.0
2016-03-28-2-58-58AM,1459133938269,1459133937000,2016-03-28-2-58-57AM,gps,1.28947869,103.81664498,13.0,22.100000381469727,-1.0,0.0
2016-03-28-2-59-08AM,1459133948270,1459133947000,2016-03-28-2-59-07AM,gps,1.28947957,103.81664535,12.0,22.100000381469727,-1.0,0.0
2016-03-28-2-59-18AM,1459133958269,1459133957000,2016-03-28-2-59-17AM,gps,1.28948111,103.81664602,13.0,22.200000762939453,-1.0,0.0
2016-03-28-2-59-28AM,1459133968265,1459133967000,2016-03-28-2-59-27AM,gps,1.28948177,103.81664623,11.0,22.200000762939453,-1.0,0.0
2016-03-28-2-59-38AM,1459133978268,1459133977000,2016-03-28-2-59-37AM,gps,1.28948249,103.81664652,12.0,22.299999237060547,-1.0,0.0
2016-03-28-2-59-48AM,1459133988276,1459133987000,2016-03-28-2-59-47AM,gps,1.28948246,103.81664647,10.0,22.299999237060547,-1.0,0.0
2016-03-28-2-59-58AM,1459133998268,1459133997000,2016-03-28-2-59-57AM,gps,1.2894825,103.81664651,10.0,22.200000762939453,-1.0,0.0
2016-03-28-3-00-18AM,1459134018272,1459134017000,2016-03-28-3-00-17AM,gps,1.28948235,103.81664652,10.0,22.200000762939453,-1.0,0.0
2016-03-28-3-00-37AM,1459134037276,1459134035370,2016-03-28-3-00-35AM,gps,1.28948282,103.81664676,9.0,22.299999237060547,-1.0,0.0
2016-03-28-3-00-47AM,1459134047274,1459134045370,2016-03-28-3-00-45AM,gps,1.28948202,103.81664644,9.0,22.200000762939453,-1.0,0.0
2016-03-28-3-00-57AM,1459134057270,1459134056000,2016-03-28-3-00-56AM,gps,1.28948249,103.81664665,10.0,22.200000762939453,-1.0,0.0
2016-03-28-3-01-08AM,1459134068270,1459134067000,2016-03-28-3-01-07AM,gps,1.28948297,103.81664684,10.0,22.299999237060547,-1.0,0.0
2016-03-28-3-01-18AM,1459134078298,1459134077000,2016-03-28-3-01-17AM,gps,1.28948324,103.816647,10.0,22.299999237060547,-1.0,0.0
2016-03-28-3-01-37AM,1459134097269,1459134095370,2016-03-28-3-01-35AM,gps,1.28948441,103.81664761,9.0,22.399999618530273,-1.0,0.0
2016-03-28-3-01-48AM,1459134108292,1459134107000,2016-03-28-3-01-47AM,gps,1.28948496,103.81664789,10.0,22.399999618530273,-1.0,0.0
2016-03-28-3-02-07AM,1459134127298,1459134125370,2016-03-28-3-02-05AM,gps,1.28948554,103.81664813,9.0,22.399999618530273,-1.0,0.0
2016-03-28-3-02-18AM,1459134138276,1459134137000,2016-03-28-3-02-17AM,gps,1.28948561,103.81664816,10.0,22.399999618530273,-1.0,0.0
2016-03-28-3-02-28AM,1459134148289,1459134147000,2016-03-28-3-02-27AM,gps,1.28948589,103.81664834,11.0,22.399999618530273,-1.0,0.0
2016-03-28-3-02-38AM,1459134158281,1459134157000,2016-03-28-3-02-37AM,gps,1.28948598,103.81664833,11.0,22.399999618530273,-1.0,0.0
2016-03-28-3-02-48AM,1459134168287,1459134167000,2016-03-28-3-02-47AM,gps,1.28948671,103.81664867,11.0,22.399999618530273,-1.0,0.0
2016-03-28-3-02-58AM,1459134178297,1459134177000,2016-03-28-3-02-57AM,gps,1.2894875,103.81664891,10.0,22.5,-1.0,0.0
2016-03-28-3-03-17AM,1459134197216,1459134195370,2016-03-28-3-03-15AM,gps,1.28949,103.81664997,9.0,22.600000381469727,-1.0,0.0
2016-03-28-3-03-27AM,1459134207292,1459134205370,2016-03-28-3-03-25AM,gps,1.28949027,103.81665006,9.0,22.700000762939453,-1.0,0.0
2016-03-28-3-03-37AM,1459134217286,1459134215370,2016-03-28-3-03-35AM,gps,1.28949003,103.81664993,9.0,22.600000381469727,-1.0,0.0
2016-03-28-3-03-48AM,1459134228285,1459134227000,2016-03-28-3-03-47AM,gps,1.28948966,103.81664964,12.0,22.700000762939453,-1.0,0.0
2016-03-28-3-03-58AM,1459134238284,1459134237000,2016-03-28-3-03-57AM,gps,1.28948952,103.81664955,13.0,22.700000762939453,-1.0,0.0
2016-03-28-3-04-08AM,1459134248290,1459134247000,2016-03-28-3-04-07AM,gps,1.28949107,103.81665029,13.0,22.799999237060547,-1.0,0.0
2016-03-28-3-04-18AM,1459134258329,1459134257000,2016-03-28-3-04-17AM,gps,1.28949132,103.8166503,11.0,22.899999618530273,-1.0,0.0
2016-03-28-3-04-28AM,1459134268326,1459134267000,2016-03-28-3-04-27AM,gps,1.28941959,103.81663745,11.0,28.100000381469727,162.9,0.75
2016-03-28-3-04-38AM,1459134278287,1459134277000,2016-03-28-3-04-37AM,gps,1.28940821,103.8166664,11.0,31.600000381469727,162.9,0.75
2016-03-28-3-04-48AM,1459134288298,1459134287000,2016-03-28-3-04-47AM,gps,1.28940853,103.81671221,12.0,23.200000762939453,162.9,0.75
2016-03-28-3-05-08AM,1459134308302,1459134307000,2016-03-28-3-05-07AM,gps,1.28972845,103.81600827,12.0,22.799999237060547,295.0,9.0
2016-03-28-3-05-18AM,1459134318297,1459134317000,2016-03-28-3-05-17AM,gps,1.29036532,103.81512395,17.0,19.299999237060547,313.4,12.75
2016-03-28-3-05-28AM,1459134328295,1459134327000,2016-03-28-3-05-27AM,gps,1.29123292,103.81504677,11.0,20.899999618530273,11.8,5.5
2016-03-28-3-05-47AM,1459134347433,1459134345370,2016-03-28-3-05-45AM,gps,1.291431,103.8145244,9.0,24.799999237060547,263.6,1.5
2016-03-28-3-06-06AM,1459134366304,1459134364370,2016-03-28-3-06-04AM,gps,1.29178581,103.81312787,9.0,24.100000381469727,281.0,12.25
2016-03-28-3-06-16AM,1459134376361,1459134374370,2016-03-28-3-06-14AM,gps,1.29197109,103.8119809,9.0,23.899999618530273,289.4,11.5
2016-03-28-3-06-27AM,1459134387310,1459134386000,2016-03-28-3-06-26AM,gps,1.29205531,103.81129571,11.0,23.0,285.2,4.75
2016-03-28-3-06-37AM,1459134397304,1459134396000,2016-03-28-3-06-36AM,gps,1.29210776,103.81086666,15.0,26.200000762939453,280.6,4.25
2016-03-28-3-06-47AM,1459134407308,1459134406000,2016-03-28-3-06-46AM,gps,1.29208411,103.81088656,12.0,25.5,277.4,0.25
2016-03-28-3-06-57AM,1459134417314,1459134416000,2016-03-28-3-06-56AM,gps,1.29207782,103.81080328,11.0,27.799999237060547,274.3,0.75
2016-03-28-3-07-07AM,1459134427312,1459134426000,2016-03-28-3-07-06AM,gps,1.29212196,103.81059004,13.0,33.29999923706055,282.2,4.25
2016-03-28-3-07-17AM,1459134437333,1459134436000,2016-03-28-3-07-16AM,gps,1.29230505,103.80987833,14.0,31.200000762939453,289.6,9.25
2016-03-28-3-07-27AM,1459134447312,1459134446000,2016-03-28-3-07-26AM,gps,1.29235425,103.80910155,13.0,33.900001525878906,262.3,8.0
2016-03-28-3-07-37AM,1459134457308,1459134456000,2016-03-28-3-07-36AM,gps,1.2922633,103.80903606,12.0,33.79999923706055,-1.0,0.0
2016-03-28-3-07-47AM,1459134467311,1459134466000,2016-03-28-3-07-46AM,gps,1.29226665,103.80900954,11.0,32.099998474121094,-1.0,0.0
2016-03-28-3-07-57AM,1459134477322,1459134476000,2016-03-28-3-07-56AM,gps,1.29227736,103.80900795,11.0,31.0,-1.0,0.0
2016-03-28-3-08-07AM,1459134487357,1459134486000,2016-03-28-3-08-06AM,gps,1.29228103,103.80900804,12.0,31.100000381469727,-1.0,0.0
2016-03-28-3-08-17AM,1459134497332,1459134496000,2016-03-28-3-08-16AM,gps,1.29228313,103.80900705,11.0,31.0,-1.0,0.0
2016-03-28-3-08-27AM,1459134507314,1459134506000,2016-03-28-3-08-26AM,gps,1.2922872,103.80900835999999,11.0,30.799999237060547,-1.0,0.0
2016-03-28-3-08-47AM,1459134527318,1459134526000,2016-03-28-3-08-46AM,gps,1.29237435,103.80900499,12.0,20.700000762939453,10.5,0.5
2016-03-28-3-08-57AM,1459134537319,1459134536000,2016-03-28-3-08-56AM,gps,1.29234214,103.80889185,11.0,26.399999618530273,227.4,3.75
2016-03-28-3-09-07AM,1459134547311,1459134546000,2016-03-28-3-09-06AM,gps,1.29196569,103.8084249,12.0,25.799999237060547,241.1,5.25
2016-03-28-3-09-17AM,1459134557339,1459134556000,2016-03-28-3-09-16AM,gps,1.2923391,103.80782107,14.0,23.0,315.0,7.75
2016-03-28-3-09-27AM,1459134567321,1459134566000,2016-03-28-3-09-26AM,gps,1.29278411,103.80722379,12.0,25.0,309.9,9.5
2016-03-28-3-09-37AM,1459134577320,1459134576000,2016-03-28-3-09-36AM,gps,1.29332292,103.80682881,15.0,27.700000762939453,332.5,4.5
2016-03-28-3-09-47AM,1459134587331,1459134586000,2016-03-28-3-09-46AM,gps,1.29393192,103.806321,14.0,27.899999618530273,327.1,9.5
2016-03-28-3-09-58AM,1459134598348,1459134597000,2016-03-28-3-09-57AM,gps,1.29452464,103.80579695,29.0,26.200000762939453,332.8,4.75
2016-03-28-3-10-17AM,1459134617320,1459134616000,2016-03-28-3-10-16AM,gps,1.29461535,103.80555138,16.0,38.29999923706055,272.6,0.75
2016-03-28-3-10-27AM,1459134627323,1459134626000,2016-03-28-3-10-26AM,gps,1.29451276,103.80553743,15.0,48.900001525878906,217.4,0.75
2016-03-28-3-10-37AM,1459134637323,1459134636000,2016-03-28-3-10-36AM,gps,1.29451786,103.8055432,10.0,57.5,-1.0,0.0
2016-03-28-3-10-47AM,1459134647352,1459134646000,2016-03-28-3-10-46AM,gps,1.29451654,103.80555299,11.0,57.900001525878906,-1.0,0.0
2016-03-28-3-10-57AM,1459134657329,1459134656000,2016-03-28-3-10-56AM,gps,1.29473018,103.805531,14.0,60.70000076293945,354.7,4.25
2016-03-28-3-11-10AM,1459134670348,1459134669000,2016-03-28-3-11-09AM,gps,1.29618315,103.80495901,49.0,47.599998474121094,335.8,13.0
2016-03-28-3-11-27AM,1459134687335,1459134686000,2016-03-28-3-11-26AM,gps,1.29781895,103.80326636,15.0,44.20000076293945,306.2,13.0
2016-03-28-3-11-37AM,1459134697329,1459134696000,2016-03-28-3-11-36AM,gps,1.29839181,103.80257818,13.0,42.70000076293945,303.5,5.5
2016-03-28-3-11-47AM,1459134707364,1459134706000,2016-03-28-3-11-46AM,gps,1.29848897,103.80250647,11.0,43.099998474121094,349.1,0.5
2016-03-28-3-11-57AM,1459134717329,1459134716000,2016-03-28-3-11-56AM,gps,1.29847243,103.80249027,10.0,41.5,-1.0,0.0
2016-03-28-3-12-07AM,1459134727338,1459134726000,2016-03-28-3-12-06AM,gps,1.29874289,103.802125,13.0,37.400001525878906,305.1,6.75
2016-03-28-3-12-17AM,1459134737361,1459134736000,2016-03-28-3-12-16AM,gps,1.29927121,103.80158213,14.0,25.5,296.6,5.5
2016-03-28-3-12-27AM,1459134747328,1459134746000,2016-03-28-3-12-26AM,gps,1.29926082,103.80146136,11.0,36.900001525878906,312.9,0.5
2016-03-28-3-12-46AM,1459134766379,1459134764370,2016-03-28-3-12-44AM,gps,1.29925047,103.80145952,9.0,39.0,-1.0,0.0
2016-03-28-3-13-06AM,1459134786376,1459134784370,2016-03-28-3-13-04AM,gps,1.29925163,103.80145845,9.0,38.79999923706055,-1.0,0.0
2016-03-28-3-13-16AM,1459134796406,1459134794370,2016-03-28-3-13-14AM,gps,1.2992519,103.80145851,9.0,38.79999923706055,-1.0,0.0
2016-03-28-3-13-26AM,1459134806334,1459134804370,2016-03-28-3-13-24AM,gps,1.29925224,103.80145871,9.0,38.79999923706055,-1.0,0.0
2016-03-28-3-13-37AM,1459134817334,1459134816000,2016-03-28-3-13-36AM,gps,1.29925222,103.80145849,11.0,38.79999923706055,-1.0,0.0
2016-03-28-3-13-47AM,1459134827333,1459134826000,2016-03-28-3-13-46AM,gps,1.2992525,103.8014582,11.0,38.79999923706055,-1.0,0.0
2016-03-28-3-14-06AM,1459134846405,1459134844370,2016-03-28-3-14-04AM,gps,1.29925324,103.80145815,9.0,38.79999923706055,-1.0,0.0
2016-03-28-3-14-17AM,1459134857359,1459134856000,2016-03-28-3-14-16AM,gps,1.29973021,103.80099853,12.0,45.400001525878906,310.6,9.5
2016-03-28-3-14-27AM,1459134867344,1459134866000,2016-03-28-3-14-26AM,gps,1.30039064,103.8003712,14.0,49.400001525878906,319.1,8.75
2016-03-28-3-14-37AM,1459134877340,1459134876000,2016-03-28-3-14-36AM,gps,1.30095452,103.79967983,13.0,48.20000076293945,300.0,8.25
2016-03-28-3-14-47AM,1459134887343,1459134886000,2016-03-28-3-14-46AM,gps,1.3010555,103.79940598,16.0,44.29999923706055,256.8,1.5
2016-03-28-3-14-57AM,1459134897341,1459134896000,2016-03-28-3-14-56AM,gps,1.30120926,103.79891089,16.0,41.20000076293945,297.0,7.25
2016-03-28-3-15-12AM,1459134912342,1459134911000,2016-03-28-3-15-11AM,gps,1.30159557,103.79837615,26.0,41.400001525878906,275.2,1.5
2016-03-28-3-15-28AM,1459134928345,1459134927000,2016-03-28-3-15-27AM,gps,1.30189103,103.79841707,15.0,44.900001525878906,294.4,0.25
2016-03-28-3-15-38AM,1459134938371,1459134937000,2016-03-28-3-15-37AM,gps,1.30193016,103.79836965,13.0,43.0,294.4,0.5
2016-03-28-3-15-50AM,1459134950343,1459134949000,2016-03-28-3-15-49AM,gps,1.30194538,103.79841525,23.0,43.099998474121094,294.4,0.5
2016-03-28-3-16-07AM,1459134967327,1459134965430,2016-03-28-3-16-05AM,gps,1.30202003,103.79853317,8.0,44.70000076293945,46.9,1.25
2016-03-28-3-16-18AM,1459134978354,1459134977000,2016-03-28-3-16-17AM,gps,1.3020596,103.79850385,17.0,43.70000076293945,40.3,0.5
2016-03-28-3-16-30AM,1459134990357,1459134989000,2016-03-28-3-16-29AM,gps,1.30208189,103.7983193,34.0,41.5,301.3,2.75
2016-03-28-3-16-40AM,1459135000352,1459134999000,2016-03-28-3-16-39AM,gps,1.30262381,103.797747,26.0,44.70000076293945,314.8,8.5
2016-03-28-3-16-54AM,1459135014372,1459135013000,2016-03-28-3-16-53AM,gps,1.30392181,103.79639758,48.0,49.20000076293945,312.5,15.25
2016-03-28-3-17-10AM,1459135030355,1459135029000,2016-03-28-3-17-09AM,gps,1.30500782,103.79515092,40.0,37.400001525878906,305.3,4.0
2016-03-28-3-17-27AM,1459135047352,1459135046000,2016-03-28-3-17-26AM,gps,1.30542686,103.79474739,14.0,37.900001525878906,335.1,5.0
2016-03-28-3-17-37AM,1459135057352,1459135056000,2016-03-28-3-17-36AM,gps,1.30598597,103.79433187,18.0,31.399999618530273,322.7,5.75
2016-03-28-3-17-48AM,1459135068360,1459135067000,2016-03-28-3-17-47AM,gps,1.30629433,103.79379552,29.0,31.600000381469727,305.7,4.75
2016-03-28-3-17-58AM,1459135078369,1459135077000,2016-03-28-3-17-57AM,gps,1.30648203,103.79352963,28.0,30.100000381469727,308.2,4.25
2016-03-28-3-18-18AM,1459135098368,1459135097000,2016-03-28-3-18-17AM,gps,1.30749663,103.79406187,23.0,27.700000762939453,34.4,4.75
2016-03-28-3-18-30AM,1459135110369,1459135109000,2016-03-28-3-18-29AM,gps,1.30813971,103.79355668,41.0,29.399999618530273,329.8,8.0
2016-03-28-3-18-46AM,1459135126380,1459135125000,2016-03-28-3-18-45AM,gps,1.30895688,103.79303368,48.0,28.600000381469727,327.6,3.5
2016-03-28-3-18-58AM,1459135138375,1459135137000,2016-03-28-3-18-57AM,gps,1.3090196,103.79293607,14.0,31.700000762939453,-1.0,0.0
2016-03-28-3-19-08AM,1459135148367,1459135147000,2016-03-28-3-19-07AM,gps,1.30901602,103.79293402,6.0,35.79999923706055,-1.0,0.0
2016-03-28-3-19-27AM,1459135167447,1459135165350,2016-03-28-3-19-25AM,gps,1.30899786,103.79289698,4.0,34.599998474121094,-1.0,0.0
2016-03-28-3-19-48AM,1459135188361,1459135187000,2016-03-28-3-19-47AM,gps,1.30888937,103.79280354,18.0,34.099998474121094,155.7,0.75
2016-03-28-3-19-59AM,1459135199365,1459135198000,2016-03-28-3-19-58AM,gps,1.3088429,103.79270207,23.0,34.099998474121094,239.0,1.25
2016-03-28-3-20-09AM,1459135209407,1459135208000,2016-03-28-3-20-08AM,gps,1.30892519,103.79257319,29.0,33.70000076293945,-1.0,0.0
2016-03-28-3-20-19AM,1459135219372,1459135218000,2016-03-28-3-20-18AM,gps,1.30895843,103.79255204,23.0,32.900001525878906,-1.0,0.0
2016-03-28-3-20-38AM,1459135238387,1459135237000,2016-03-28-3-20-37AM,gps,1.30886801,103.79228747,12.0,42.20000076293945,252.9,1.25
2016-03-28-3-20-56AM,1459135256377,1459135254350,2016-03-28-3-20-54AM,gps,1.30857119,103.79222446,3.0,28.799999237060547,172.1,1.25
2016-03-28-3-21-06AM,1459135266432,1459135264350,2016-03-28-3-21-04AM,gps,1.30843225,103.79223452,5.0,28.0,178.4,1.5
2016-03-28-3-21-16AM,1459135276378,1459135274350,2016-03-28-3-21-14AM,gps,1.30831757,103.79222564,5.0,28.700000762939453,187.6,1.25
2016-03-28-3-21-26AM,1459135286383,1459135284350,2016-03-28-3-21-24AM,gps,1.30817829,103.79225412,4.0,27.299999237060547,159.1,1.5
2016-03-28-3-21-36AM,1459135296443,1459135294350,2016-03-28-3-21-34AM,gps,1.30807484,103.79232202,3.0,31.0,154.1,1.5
2016-03-28-3-21-46AM,1459135306430,1459135304350,2016-03-28-3-21-44AM,gps,1.3079634,103.79236717,3.0,26.100000381469727,177.6,1.25
2016-03-28-3-21-56AM,1459135316424,1459135314350,2016-03-28-3-21-54AM,gps,1.3078559299999999,103.79240421,3.0,30.0,173.3,1.25
2016-03-28-3-22-06AM,1459135326478,1459135324350,2016-03-28-3-22-04AM,gps,1.30773598,103.79237679,3.0,31.799999237060547,179.7,1.25
2016-03-28-3-22-26AM,1459135346448,1459135344350,2016-03-28-3-22-24AM,gps,1.30759269,103.79236179,4.0,33.79999923706055,199.1,0.75
2016-03-28-3-22-36AM,1459135356492,1459135354350,2016-03-28-3-22-34AM,gps,1.30754623,103.7923721,3.0,32.400001525878906,-1.0,0.0
2016-03-28-3-22-46AM,1459135366385,1459135364350,2016-03-28-3-22-44AM,gps,1.30757511,103.79237185,4.0,29.200000762939453,199.1,0.5
2016-03-28-3-22-56AM,1459135376473,1459135374350,2016-03-28-3-22-54AM,gps,1.30757638,103.79237356,9.0,26.700000762939453,-1.0,0.0
2016-03-28-3-23-07AM,1459135387375,1459135386000,2016-03-28-3-23-06AM,gps,1.30752142,103.79237138,11.0,28.700000762939453,199.1,0.75
2016-03-28-3-23-26AM,1459135406454,1459135404350,2016-03-28-3-23-24AM,gps,1.30732191,103.79218923,5.0,16.399999618530273,265.3,0.75
2016-03-28-3-23-36AM,1459135416478,1459135414350,2016-03-28-3-23-34AM,gps,1.30729245,103.7921064,4.0,16.700000762939453,265.3,0.5
2016-03-28-3-23-56AM,1459135436486,1459135434350,2016-03-28-3-23-54AM,gps,1.30725146,103.7921343,4.0,19.299999237060547,265.3,0.5
2016-03-28-3-24-06AM,1459135446447,1459135444350,2016-03-28-3-24-04AM,gps,1.30722664,103.79214188,3.0,18.299999237060547,265.3,0.25
2016-03-28-3-24-16AM,1459135456435,1459135454350,2016-03-28-3-24-14AM,gps,1.30720634,103.79223924,3.0,25.0,-1.0,0.0
2016-03-28-3-24-26AM,1459135466447,1459135464350,2016-03-28-3-24-24AM,gps,1.30719707,103.7922212,3.0,23.399999618530273,-1.0,0.0
2016-03-28-3-24-46AM,1459135486469,1459135484350,2016-03-28-3-24-44AM,gps,1.30719867,103.79221727,5.0,23.700000762939453,-1.0,0.0
2016-03-28-3-24-56AM,1459135496375,1459135494350,2016-03-28-3-24-54AM,gps,1.30719884,103.79221731,4.0,23.700000762939453,-1.0,0.0
2016-03-28-3-25-06AM,1459135506295,1459135504350,2016-03-28-3-25-04AM,gps,1.30719886,103.79221746,4.0,23.700000762939453,-1.0,0.0
2016-03-28-3-25-16AM,1459135516462,1459135514350,2016-03-28-3-25-14AM,gps,1.30719881,103.79221737,4.0,23.700000762939453,-1.0,0.0
2016-03-28-3-25-26AM,1459135526391,1459135524350,2016-03-28-3-25-24AM,gps,1.30719891,103.79221738,3.0,23.700000762939453,-1.0,0.0
2016-03-28-3-25-36AM,1459135536371,1459135534350,2016-03-28-3-25-34AM,gps,1.30719747,103.79222046,3.0,23.799999237060547,-1.0,0.0
2016-03-28-3-25-46AM,1459135546467,1459135544350,2016-03-28-3-25-44AM,gps,1.30719897,103.79221062,4.0,22.799999237060547,265.3,0.25
2016-03-28-3-26-06AM,1459135566383,1459135564350,2016-03-28-3-26-04AM,gps,1.30720008,103.79225136,4.0,19.0,-1.0,0.0
2016-03-28-3-26-16AM,1459135576515,1459135574350,2016-03-28-3-26-14AM,gps,1.30719621,103.79227003,5.0,19.0,-1.0,0.0
2016-03-28-3-26-37AM,1459135597484,1459135595490,2016-03-28-3-26-35AM,gps,1.30720248,103.79227626,4.0,18.200000762939453,-1.0,0.0
2016-03-28-3-26-47AM,1459135607518,1459135605510,2016-03-28-3-26-45AM,gps,1.30722017,103.7922652,6.0,18.899999618530273,-1.0,0.0
2016-03-28-3-27-08AM,1459135628348,1459135626370,2016-03-28-3-27-06AM,gps,1.30724161,103.79229336,7.0,22.899999618530273,-1.0,0.0
2016-03-28-3-27-27AM,1459135647464,1459135645470,2016-03-28-3-27-25AM,gps,1.30725279,103.79230982,8.0,22.0,-1.0,0.0
2016-03-28-3-27-37AM,1459135657616,1459135655610,2016-03-28-3-27-35AM,gps,1.30725384,103.79230924,6.0,21.799999237060547,-1.0,0.0
2016-03-28-3-27-47AM,1459135667557,1459135665550,2016-03-28-3-27-45AM,gps,1.30726849,103.79229597,8.0,19.700000762939453,-1.0,0.0
2016-03-28-3-27-57AM,1459135677481,1459135675490,2016-03-28-3-27-55AM,gps,1.30726855,103.79227173,8.0,20.600000381469727,-1.0,0.0
2016-03-28-3-28-07AM,1459135687558,1459135685550,2016-03-28-3-28-05AM,gps,1.3072857,103.79230002,8.0,21.700000762939453,-1.0,0.0
2016-03-28-3-28-27AM,1459135707335,1459135705336,2016-03-28-3-28-25AM,gps,1.3072504,103.79231303,7.0,23.5,-1.0,0.0
2016-03-28-3-28-37AM,1459135717452,1459135715429,2016-03-28-3-28-35AM,gps,1.30723008,103.79228675,8.0,23.899999618530273,-1.0,0.0
2016-03-28-3-28-48AM,1459135728423,1459135727000,2016-03-28-3-28-47AM,gps,1.30721538,103.79227222,9.0,21.0,-1.0,0.0
2016-03-28-3-29-07AM,1459135747428,1459135746000,2016-03-28-3-29-06AM,gps,1.30721667,103.79230115,11.0,20.5,-1.0,0.0
2016-03-28-3-29-17AM,1459135757521,1459135755502,2016-03-28-3-29-15AM,gps,1.30722738,103.79229155,7.0,23.5,-1.0,0.0
2016-03-28-3-29-28AM,1459135768405,1459135767000,2016-03-28-3-29-27AM,gps,1.30723026,103.79230052,8.0,24.799999237060547,-1.0,0.0
2016-03-28-3-29-47AM,1459135787596,1459135785582,2016-03-28-3-29-45AM,gps,1.30722646,103.79228003,6.0,22.899999618530273,-1.0,0.0
2016-03-28-3-30-07AM,1459135807525,1459135805522,2016-03-28-3-30-05AM,gps,1.30722669,103.79228377,5.0,21.299999237060547,-1.0,0.0
2016-03-28-3-30-17AM,1459135817575,1459135815562,2016-03-28-3-30-15AM,gps,1.30723005,103.79228014,8.0,20.5,-1.0,0.0
2016-03-28-3-30-38AM,1459135838434,1459135837000,2016-03-28-3-30-37AM,gps,1.30723401,103.79227067,13.0,22.899999618530273,-1.0,0.0
2016-03-28-3-30-58AM,1459135858411,1459135857000,2016-03-28-3-30-57AM,gps,1.30723508,103.79226355,7.0,23.200000762939453,-1.0,0.0
2016-03-28-3-31-18AM,1459135878418,1459135877000,2016-03-28-3-31-17AM,gps,1.30724078,103.79225374,9.0,22.5,-1.0,0.0
2016-03-28-3-31-37AM,1459135897590,1459135895583,2016-03-28-3-31-35AM,gps,1.30723354,103.79223678,8.0,24.5,-1.0,0.0
2016-03-28-3-31-47AM,1459135907526,1459135905503,2016-03-28-3-31-45AM,gps,1.30724098,103.79223394,6.0,24.0,-1.0,0.0
2016-03-28-3-31-57AM,1459135917571,1459135915523,2016-03-28-3-31-55AM,gps,1.30724026,103.79226267,7.0,24.799999237060547,-1.0,0.0
2016-03-28-3-32-07AM,1459135927625,1459135925603,2016-03-28-3-32-05AM,gps,1.30724698,103.79230316,8.0,26.600000381469727,265.3,0.5
2016-03-28-3-32-27AM,1459135947589,1459135945563,2016-03-28-3-32-25AM,gps,1.30727856,103.79228383,9.0,27.600000381469727,-1.0,0.0
2016-03-28-3-32-37AM,1459135957511,1459135955483,2016-03-28-3-32-35AM,gps,1.30726721,103.79226217,7.0,26.100000381469727,-1.0,0.0
2016-03-28-3-32-48AM,1459135968442,1459135967000,2016-03-28-3-32-47AM,gps,1.30727639,103.79226132,16.0,27.5,-1.0,0.0
2016-03-28-3-32-58AM,1459135978463,1459135977000,2016-03-28-3-32-57AM,gps,1.30720394,103.79222138,10.0,27.700000762939453,-1.0,0.0
2016-03-28-3-33-17AM,1459135997567,1459135995623,2016-03-28-3-33-15AM,gps,1.30721079,103.79220542,6.0,28.600000381469727,-1.0,0.0
2016-03-28-3-33-28AM,1459136008162,1459136005823,2016-03-28-3-33-25AM,gps,1.30721769,103.79219519,8.0,25.200000762939453,-1.0,0.0
2016-03-28-3-33-47AM,1459136027605,1459136025663,2016-03-28-3-33-45AM,gps,1.30722433,103.79220466,8.0,22.299999237060547,-1.0,0.0
2016-03-28-3-33-58AM,1459136038428,1459136037000,2016-03-28-3-33-57AM,gps,1.30722276,103.79219302,12.0,21.0,-1.0,0.0
2016-03-28-3-34-08AM,1459136048441,1459136047000,2016-03-28-3-34-07AM,gps,1.30721945,103.79218501,11.0,24.0,-1.0,0.0
2016-03-28-3-34-28AM,1459136068426,1459136067000,2016-03-28-3-34-27AM,gps,1.3072205,103.79218811,10.0,25.600000381469727,-1.0,0.0
2016-03-28-3-34-38AM,1459136078429,1459136077000,2016-03-28-3-34-37AM,gps,1.30722244,103.79218993,15.0,25.100000381469727,-1.0,0.0
2016-03-28-3-34-48AM,1459136088434,1459136087000,2016-03-28-3-34-47AM,gps,1.30725297,103.79219835,9.0,31.0,265.3,0.5
2016-03-28-3-35-07AM,1459136107458,1459136105423,2016-03-28-3-35-05AM,gps,1.30735943,103.79220588,6.0,32.099998474121094,312.4,1.75
2016-03-28-3-35-17AM,1459136117929,1459136115643,2016-03-28-3-35-15AM,gps,1.3076491,103.79179043,8.0,31.0,304.3,4.0
2016-03-28-3-35-37AM,1459136137447,1459136135403,2016-03-28-3-35-35AM,gps,1.30771326,103.79136872,6.0,30.100000381469727,277.5,2.0
2016-03-28-3-35-48AM,1459136148426,1459136147000,2016-03-28-3-35-47AM,gps,1.30706018,103.79110696,7.0,30.700000762939453,202.4,7.0
2016-03-28-3-36-07AM,1459136167775,1459136165743,2016-03-28-3-36-05AM,gps,1.30650177,103.7907276,8.0,25.0,270.7,1.5
2016-03-28-3-36-28AM,1459136188432,1459136187000,2016-03-28-3-36-27AM,gps,1.3065001,103.79083265,7.0,27.899999618530273,-1.0,0.0
2016-03-28-3-36-48AM,1459136208454,1459136207000,2016-03-28-3-36-47AM,gps,1.30586302,103.79065262,15.0,31.100000381469727,183.3,4.75
2016-03-28-3-36-58AM,1459136218460,1459136217000,2016-03-28-3-36-57AM,gps,1.30556372,103.79032322,11.0,7.800000190734863,209.1,0.5
2016-03-28-3-37-08AM,1459136228433,1459136227000,2016-03-28-3-37-07AM,gps,1.30556331,103.79029408,11.0,-4.5,-1.0,0.0
2016-03-28-3-37-18AM,1459136238437,1459136237000,2016-03-28-3-37-17AM,gps,1.30552718,103.79025642,8.0,-3.200000047683716,-1.0,0.0
2016-03-28-3-37-28AM,1459136248436,1459136247000,2016-03-28-3-37-27AM,gps,1.30552935,103.79025821,12.0,-5.0,-1.0,0.0
2016-03-28-3-37-48AM,1459136268466,1459136267000,2016-03-28-3-37-47AM,gps,1.30510006,103.789754,11.0,9.199999809265137,233.0,9.0
2016-03-28-3-38-08AM,1459136288443,1459136287000,2016-03-28-3-38-07AM,gps,1.30368195,103.78775849,11.0,5.699999809265137,222.6,14.75
2016-03-28-3-38-27AM,1459136307313,1459136305343,2016-03-28-3-38-25AM,gps,1.30127265,103.78666417,7.0,11.800000190734863,197.3,15.75
2016-03-28-3-38-38AM,1459136318491,1459136317000,2016-03-28-3-38-37AM,gps,1.29992602,103.78564844,8.0,15.800000190734863,211.7,16.0
2016-03-28-3-38-48AM,1459136328451,1459136327000,2016-03-28-3-38-47AM,gps,1.29948438,103.78513253,7.0,20.0,298.0,6.25
2016-03-28-3-38-58AM,1459136338458,1459136337000,2016-03-28-3-38-57AM,gps,1.2998782,103.78489875,8.0,17.899999618530273,302.6,2.25
2016-03-28-3-39-17AM,1459136357396,1459136355363,2016-03-28-3-39-15AM,gps,1.29997414,103.78482824,8.0,15.699999809265137,320.3,0.25
2016-03-28-3-39-28AM,1459136368467,1459136367000,2016-03-28-3-39-27AM,gps,1.30028642,103.78450188,8.0,18.899999618530273,322.0,6.25
2016-03-28-3-39-38AM,1459136378458,1459136377000,2016-03-28-3-39-37AM,gps,1.30089409,103.78389796,10.0,18.299999237060547,323.3,8.75
2016-03-28-3-39-58AM,1459136398460,1459136397000,2016-03-28-3-39-57AM,gps,1.30174215,103.78314793,8.0,18.399999618530273,318.5,10.25
2016-03-28-3-40-18AM,1459136418452,1459136417000,2016-03-28-3-40-17AM,gps,1.30348573,103.78190228,9.0,28.799999237060547,313.1,6.0
2016-03-28-3-40-37AM,1459136437670,1459136435623,2016-03-28-3-40-35AM,gps,1.30358956,103.78187222,8.0,31.899999618530273,305.5,0.25
2016-03-28-3-40-59AM,1459136459472,1459136458000,2016-03-28-3-40-58AM,gps,1.30397241,103.78168285,10.0,41.29999923706055,323.3,5.75
2016-03-28-3-41-18AM,1459136478455,1459136477000,2016-03-28-3-41-17AM,gps,1.30551518,103.78073823,8.0,20.899999618530273,323.3,12.75
2016-03-28-3-41-38AM,1459136498476,1459136497000,2016-03-28-3-41-37AM,gps,1.30614397,103.78016067,8.0,25.799999237060547,332.0,2.25
2016-03-28-3-41-58AM,1459136518463,1459136517000,2016-03-28-3-41-57AM,gps,1.30697986,103.7788751,8.0,34.5,295.6,11.5
2016-03-28-3-42-18AM,1459136538463,1459136537000,2016-03-28-3-42-17AM,gps,1.30812095,103.776507,9.0,43.0,297.1,16.25
2016-03-28-3-42-28AM,1459136548470,1459136547000,2016-03-28-3-42-27AM,gps,1.30860554,103.77505896,9.0,42.79999923706055,292.4,16.5
2016-03-28-3-42-48AM,1459136568463,1459136567000,2016-03-28-3-42-47AM,gps,1.30893297,103.77298513,9.0,37.099998474121094,260.4,6.0
2016-03-28-3-43-07AM,1459136587505,1459136585503,2016-03-28-3-43-05AM,gps,1.30882435,103.77278452,8.0,34.79999923706055,340.7,0.25
2016-03-28-3-43-18AM,1459136598478,1459136597000,2016-03-28-3-43-17AM,gps,1.3087828,103.77286682,6.0,41.0,149.9,0.5
2016-03-28-3-43-27AM,1459136607936,1459136607449,2016-03-28-3-43-27AM,network,1.3088581,103.7728091,45.927,-1.0,-1.0,-1.0
2016-03-28-3-43-37AM,1459136617446,1459136615386,2016-03-28-3-43-35AM,gps,1.30865542,103.7728902,8.0,39.099998474121094,165.5,0.5
2016-03-28-3-43-47AM,1459136627504,1459136627409,2016-03-28-3-43-47AM,network,1.3087575,103.7729976,48.0,-1.0,-1.0,-1.0
2016-03-28-3-44-06AM,1459136646978,1459136646886,2016-03-28-3-44-06AM,network,1.3088941,103.7727051,39.0,-1.0,-1.0,-1.0
2016-03-28-3-44-18AM,1459136658509,1459136657000,2016-03-28-3-44-17AM,gps,1.3084404,103.77339325,8.0,48.70000076293945,79.6,1.5
2016-03-28-3-44-31AM,1459136671586,1459136669880,2016-03-28-3-44-29AM,network,1.3084859,103.7732309,21.514,-1.0,-1.0,-1.0
2016-03-28-3-44-37AM,1459136677546,1459136675446,2016-03-28-3-44-35AM,gps,1.30830651,103.77352544,6.0,45.29999923706055,113.6,1.25
2016-03-28-3-44-46AM,1459136686333,1459136683004,2016-03-28-3-44-43AM,network,1.3083075,103.7734695,23.0,-1.0,-1.0,-1.0
2016-03-28-3-44-57AM,1459136697593,1459136695606,2016-03-28-3-44-55AM,gps,1.30811631,103.7735332,6.0,41.29999923706055,198.3,1.25
2016-03-28-3-45-06AM,1459136706886,1459136706790,2016-03-28-3-45-06AM,network,1.3078147,103.7734632,52.184,-1.0,-1.0,-1.0
2016-03-28-3-45-27AM,1459136727066,1459136724174,2016-03-28-3-45-24AM,network,1.3074519,103.77345,37.0,-1.0,-1.0,-1.0
2016-03-28-3-45-47AM,1459136747660,1459136745626,2016-03-28-3-45-45AM,gps,1.30751608,103.77328032,5.0,42.79999923706055,177.9,1.0
2016-03-28-3-45-58AM,1459136758483,1459136757000,2016-03-28-3-45-57AM,gps,1.30736444,103.77329898,8.0,38.70000076293945,183.6,1.0
2016-03-28-3-46-07AM,1459136767775,1459136767726,2016-03-28-3-46-07AM,network,1.3075517,103.7734695,44.866,-1.0,-1.0,-1.0
2016-03-28-3-46-17AM,1459136777446,1459136775366,2016-03-28-3-46-15AM,gps,1.30716746,103.77332799,5.0,38.400001525878906,198.3,1.0
2016-03-28-3-46-27AM,1459136787087,1459136779350,2016-03-28-3-46-19AM,network,1.3072191,103.7735511,49.45,-1.0,-1.0,-1.0
2016-03-28-3-46-37AM,1459136797629,1459136795546,2016-03-28-3-46-35AM,gps,1.30695497,103.7736292,9.0,42.0,139.5,1.25
2016-03-28-3-46-47AM,1459136807066,1459136806459,2016-03-28-3-46-46AM,network,1.3070768,103.7734532,65.34,-1.0,-1.0,-1.0
2016-03-28-3-47-07AM,1459136827581,1459136825566,2016-03-28-3-47-05AM,gps,1.30660233,103.77373711,7.0,33.79999923706055,184.7,1.75
2016-03-28-3-47-17AM,1459136837665,1459136835566,2016-03-28-3-47-15AM,gps,1.3064951,103.77373427,9.0,32.599998474121094,182.0,1.5
2016-03-28-3-47-37AM,1459136857715,1459136855626,2016-03-28-3-47-35AM,gps,1.30629284,103.77383602,6.0,32.29999923706055,169.2,0.75
2016-03-28-3-47-47AM,1459136867621,1459136865606,2016-03-28-3-47-45AM,gps,1.30618127,103.77390152,5.0,31.100000381469727,135.8,1.25
2016-03-28-3-47-57AM,1459136877619,1459136875526,2016-03-28-3-47-55AM,gps,1.30611659,103.77395223,6.0,40.0,157.6,0.75
2016-03-28-3-48-07AM,1459136887645,1459136885626,2016-03-28-3-48-05AM,gps,1.30603262,103.77387614,6.0,48.29999923706055,211.2,1.25
2016-03-28-3-48-27AM,1459136907664,1459136905666,2016-03-28-3-48-25AM,gps,1.30580466,103.77391435,7.0,45.79999923706055,241.1,0.75
2016-03-28-3-48-47AM,1459136927504,1459136925446,2016-03-28-3-48-45AM,gps,1.30549078,103.77375214999999,8.0,40.099998474121094,227.3,2.0
2016-03-28-3-48-58AM,1459136938510,1459136937000,2016-03-28-3-48-57AM,gps,1.30552081,103.77384728,12.0,32.79999923706055,-1.0,0.0
2016-03-28-3-49-08AM,1459136948947,1459136948876,2016-03-28-3-49-08AM,network,1.3059138,103.7740042,25.0,-1.0,-1.0,-1.0
2016-03-28-3-49-29AM,1459136969089,1459136968917,2016-03-28-3-49-28AM,network,1.3055176,103.773907,52.491,-1.0,-1.0,-1.0
2016-03-28-3-49-49AM,1459136989095,1459136986340,2016-03-28-3-49-46AM,network,1.3056926,103.7736737,45.0,-1.0,-1.0,-1.0
2016-03-28-3-50-09AM,1459137009051,1459137001924,2016-03-28-3-50-01AM,network,1.3059392,103.7739797,76.32,-1.0,-1.0,-1.0
2016-03-28-3-50-29AM,1459137029662,1459137029602,2016-03-28-3-50-29AM,network,1.3056985,103.7740372,68.094,-1.0,-1.0,-1.0
2016-03-28-3-50-49AM,1459137049716,1459137049659,2016-03-28-3-50-49AM,network,1.3057211,103.7740381,37.176,-1.0,-1.0,-1.0
2016-03-28-3-51-09AM,1459137069718,1459137069661,2016-03-28-3-51-09AM,network,1.3057273,103.774039,36.614,-1.0,-1.0,-1.0
2016-03-28-3-51-29AM,1459137089697,1459137089660,2016-03-28-3-51-29AM,network,1.3057098,103.7740884,38.963,-1.0,-1.0,-1.0
2016-03-28-3-51-49AM,1459137109775,1459137109703,2016-03-28-3-51-49AM,network,1.3057208,103.7740904,38.012,-1.0,-1.0,-1.0
2016-03-28-3-52-09AM,1459137129707,1459137129645,2016-03-28-3-52-09AM,network,1.3057186,103.774093,38.265,-1.0,-1.0,-1.0
2016-03-28-3-52-29AM,1459137149774,1459137149692,2016-03-28-3-52-29AM,network,1.3057153,103.774082,38.34,-1.0,-1.0,-1.0
2016-03-28-3-52-49AM,1459137169806,1459137169756,2016-03-28-3-52-49AM,network,1.3057168,103.7740868,38.298,-1.0,-1.0,-1.0
2016-03-28-3-53-09AM,1459137189875,1459137189784,2016-03-28-3-53-09AM,network,1.3057136,103.7740873,38.597,-1.0,-1.0,-1.0
2016-03-28-3-53-29AM,1459137209791,1459137209738,2016-03-28-3-53-29AM,network,1.3057271,103.7740504,36.761,-1.0,-1.0,-1.0
2016-03-28-3-53-49AM,1459137229765,1459137229734,2016-03-28-3-53-49AM,network,1.3057167,103.7740945,38.469,-1.0,-1.0,-1.0
2016-03-28-3-54-09AM,1459137249900,1459137249800,2016-03-28-3-54-09AM,network,1.3057133,103.7740929,38.741,-1.0,-1.0,-1.0
2016-03-28-3-54-29AM,1459137269923,1459137269849,2016-03-28-3-54-29AM,network,1.3057135,103.7740875,38.611,-1.0,-1.0,-1.0
2016-03-28-3-54-49AM,1459137289912,1459137289822,2016-03-28-3-54-49AM,network,1.3056953,103.7740882,40.271,-1.0,-1.0,-1.0
2016-03-28-3-55-09AM,1459137309945,1459137309877,2016-03-28-3-55-09AM,network,1.3057077,103.7740904,39.194,-1.0,-1.0,-1.0
2016-03-28-3-55-29AM,1459137329805,1459137329758,2016-03-28-3-55-29AM,network,1.305701,103.7740869,39.729,-1.0,-1.0,-1.0
2016-03-28-3-55-49AM,1459137349892,1459137349840,2016-03-28-3-55-49AM,network,1.3056992,103.7740925,40.004,-1.0,-1.0,-1.0
2016-03-28-3-56-09AM,1459137369983,1459137369890,2016-03-28-3-56-09AM,network,1.3057171,103.7740898,38.333,-1.0,-1.0,-1.0
2016-03-28-3-56-29AM,1459137389973,1459137389909,2016-03-28-3-56-29AM,network,1.3057169,103.7740899,38.353,-1.0,-1.0,-1.0
2016-03-28-3-56-49AM,1459137409926,1459137409859,2016-03-28-3-56-49AM,network,1.3057058,103.7740835,39.229,-1.0,-1.0,-1.0
2016-03-28-3-57-09AM,1459137429885,1459137429853,2016-03-28-3-57-09AM,network,1.3056813,103.774089,41.554,-1.0,-1.0,-1.0
2016-03-28-3-57-30AM,1459137450047,1459137449969,2016-03-28-3-57-29AM,network,1.3056849,103.7740856,41.164,-1.0,-1.0,-1.0
2016-03-28-3-57-50AM,1459137470522,1459137470173,2016-03-28-3-57-50AM,network,1.3056992,103.7740849,39.854,-1.0,-1.0,-1.0
