2016-03-29-10-47-49am,1459219669366,1459219670000,2016-03-29-10-47-50am,gps,1.30793087,103.88576217,9.0,-14.0,-1.0,0.0
2016-03-29-10-48-08am,1459219688363,1459219689000,2016-03-29-10-48-09am,gps,1.30787135,103.8857755,10.0,-8.0,-1.0,0.0
2016-03-29-10-48-18am,1459219698366,1459219699000,2016-03-29-10-48-19am,gps,1.3078659,103.88581312,11.0,-10.0,-1.0,0.0
2016-03-29-10-48-28am,1459219708392,1459219709000,2016-03-29-10-48-29am,gps,1.30783763,103.88580957,7.0,-4.0,-1.0,0.0
2016-03-29-10-48-38am,1459219718369,1459219719000,2016-03-29-10-48-39am,gps,1.3078306,103.88581362,8.0,-2.0,-1.0,0.0
2016-03-29-10-48-50am,1459219730982,1459219730956,2016-03-29-10-48-50am,network,1.3077129,103.8857623,39.0,-1.0,-1.0,-1.0
2016-03-29-10-48-58am,1459219738362,1459219739000,2016-03-29-10-48-59am,gps,1.30785492,103.8857982,8.0,-8.0,-1.0,0.0
2016-03-29-10-49-08am,1459219748387,1459219749000,2016-03-29-10-49-09am,gps,1.30785024,103.88579924,10.0,-8.0,-1.0,0.0
2016-03-29-10-49-18am,1459219758367,1459219759000,2016-03-29-10-49-19am,gps,1.30784729,103.88579566,7.0,-8.0,-1.0,0.0
2016-03-29-10-49-28am,1459219768371,1459219769000,2016-03-29-10-49-29am,gps,1.30784641,103.8857978,8.0,-8.0,-1.0,0.0
2016-03-29-10-49-38am,1459219778387,1459219779000,2016-03-29-10-49-39am,gps,1.30784203,103.88579957,9.0,-8.0,-1.0,0.0
2016-03-29-10-49-48am,1459219788400,1459219789000,2016-03-29-10-49-49am,gps,1.30784804,103.88579918,11.0,-11.0,-1.0,0.0
2016-03-29-10-49-58am,1459219798362,1459219799000,2016-03-29-10-49-59am,gps,1.30784607,103.88580273,8.0,-11.0,-1.0,0.0
2016-03-29-10-50-08am,1459219808358,1459219809000,2016-03-29-10-50-09am,gps,1.30785872,103.88579733,12.0,-14.0,-1.0,0.0
2016-03-29-10-50-18am,1459219818365,1459219819000,2016-03-29-10-50-19am,gps,1.30786112,103.88579807,8.0,-14.0,-1.0,0.0
2016-03-29-10-50-28am,1459219828382,1459219829000,2016-03-29-10-50-29am,gps,1.30785572,103.88579631,11.0,-14.0,-1.0,0.0
2016-03-29-10-50-38am,1459219838367,1459219839000,2016-03-29-10-50-39am,gps,1.30785721,103.88579477,8.0,-14.0,-1.0,0.0
2016-03-29-10-50-48am,1459219848359,1459219849000,2016-03-29-10-50-49am,gps,1.30786028,103.88579252,9.0,-15.0,-1.0,0.0
2016-03-29-10-50-58am,1459219858404,1459219859000,2016-03-29-10-50-59am,gps,1.30785697,103.88578895,10.0,-15.0,-1.0,0.0
2016-03-29-10-51-08am,1459219868386,1459219869000,2016-03-29-10-51-09am,gps,1.30784952,103.88578844,8.0,-14.0,-1.0,0.0
2016-03-29-10-51-18am,1459219878365,1459219879000,2016-03-29-10-51-19am,gps,1.30784094,103.88579024,11.0,-13.0,-1.0,0.0
2016-03-29-10-51-28am,1459219888395,1459219889000,2016-03-29-10-51-29am,gps,1.30783548,103.88578976,13.0,-12.0,-1.0,0.0
2016-03-29-10-51-38am,1459219898378,1459219899000,2016-03-29-10-51-39am,gps,1.30783472,103.88578899,13.0,-12.0,-1.0,0.0
2016-03-29-10-51-48am,1459219908368,1459219909000,2016-03-29-10-51-49am,gps,1.30784167,103.88578595,12.0,-13.0,-1.0,0.0
2016-03-29-10-51-55am,1459219915001,1459219914916,2016-03-29-10-51-54am,network,1.3076568,103.8856597,43.5,-1.0,-1.0,-1.0
2016-03-29-10-52-08am,1459219928370,1459219929000,2016-03-29-10-52-09am,gps,1.30784439,103.88578486,13.0,-15.0,-1.0,0.0
2016-03-29-10-52-16am,1459219936813,1459219936508,2016-03-29-10-52-16am,network,1.3076925,103.8857191,40.5,-1.0,-1.0,-1.0
2016-03-29-10-52-28am,1459219948405,1459219949000,2016-03-29-10-52-29am,gps,1.30784925,103.88578313,10.0,-16.0,-1.0,0.0
2016-03-29-10-52-38am,1459219958366,1459219959000,2016-03-29-10-52-39am,gps,1.30785114,103.8857823,12.0,-16.0,-1.0,0.0
2016-03-29-10-52-48am,1459219968381,1459219969000,2016-03-29-10-52-49am,gps,1.30785302,103.88578105,11.0,-16.0,-1.0,0.0
2016-03-29-10-52-58am,1459219978371,1459219979000,2016-03-29-10-52-59am,gps,1.30785549,103.88577961,11.0,-17.0,-1.0,0.0
2016-03-29-10-53-08am,1459219988364,1459219989000,2016-03-29-10-53-09am,gps,1.30785841,103.8857764,9.0,-18.0,-1.0,0.0
2016-03-29-10-53-18am,1459219998391,1459219999000,2016-03-29-10-53-19am,gps,1.30785767,103.88577582,9.0,-17.0,-1.0,0.0
2016-03-29-10-53-28am,1459220008360,1459220009000,2016-03-29-10-53-29am,gps,1.3078578,103.88577563,11.0,-17.0,-1.0,0.0
2016-03-29-10-53-38am,1459220018381,1459220019000,2016-03-29-10-53-39am,gps,1.3078597,103.88577851,11.0,-17.0,307.9,0.59135437
2016-03-29-10-53-48am,1459220028362,1459220029000,2016-03-29-10-53-49am,gps,1.30799933,103.88580735,9.0,-19.0,307.9,0.44011363
2016-03-29-10-54-00am,1459220040144,1459220039557,2016-03-29-10-53-59am,network,1.3080305,103.8864902,100.256,-1.0,-1.0,-1.0
2016-03-29-10-54-08am,1459220048366,1459220049000,2016-03-29-10-54-09am,gps,1.30796613,103.88651539,12.0,-16.0,78.1,0.15132746
2016-03-29-10-54-18am,1459220058422,1459220059000,2016-03-29-10-54-19am,gps,1.30795959,103.88654687,9.0,-7.0,-1.0,0.0
2016-03-29-10-54-28am,1459220068358,1459220069000,2016-03-29-10-54-29am,gps,1.30797998,103.8866398,13.0,-10.0,77.6,13.621189
2016-03-29-10-54-38am,1459220078365,1459220079000,2016-03-29-10-54-39am,gps,1.30846061,103.88839017,14.0,-10.0,71.8,16.111368
2016-03-29-10-54-48am,1459220088364,1459220089000,2016-03-29-10-54-49am,gps,1.3085357,103.88890954,8.0,2.0,61.4,0.5303772
2016-03-29-10-54-58am,1459220098409,1459220099000,2016-03-29-10-54-59am,gps,1.308617,103.88948109,7.0,12.0,79.6,10.920005
2016-03-29-10-55-08am,1459220108364,1459220109000,2016-03-29-10-55-09am,gps,1.30888499,103.89080412,7.0,14.0,78.3,16.82019
2016-03-29-10-55-18am,1459220118483,1459220119000,2016-03-29-10-55-19am,gps,1.30915913,103.89241156,8.0,11.0,78.6,16.170002
2016-03-29-10-55-38am,1459220138556,1459220139000,2016-03-29-10-55-39am,gps,1.30883743,103.89149472,19.0,-9.0,260.4,17.21035
2016-03-29-10-55-48am,1459220148563,1459220149000,2016-03-29-10-55-49am,gps,1.3086272,103.8898275,12.0,-24.0,256.8,18.87086
2016-03-29-10-55-58am,1459220158556,1459220159000,2016-03-29-10-55-59am,gps,1.30829779,103.88823488,11.0,-9.0,258.9,19.06
2016-03-29-10-56-08am,1459220168421,1459220169000,2016-03-29-10-56-09am,gps,1.30778347,103.88655501,8.0,-9.0,257.7,18.47053
2016-03-29-10-56-23am,1459220183252,1459220182980,2016-03-29-10-56-22am,network,1.307304,103.8850795,30.0,-1.0,-1.0,-1.0
2016-03-29-10-56-41am,1459220201414,1459220202000,2016-03-29-10-56-42am,gps,1.30597867,103.88268245,15.0,-16.0,206.4,9.331737
2016-03-29-10-56-51am,1459220211360,1459220212000,2016-03-29-10-56-52am,gps,1.305272,103.88293089,15.0,-23.0,136.3,15.920616
2016-03-29-10-57-01am,1459220221562,1459220222000,2016-03-29-10-57-02am,gps,1.30376246,103.88423765,12.0,-25.0,150.5,21.96
2016-03-29-10-57-12am,1459220232433,1459220233000,2016-03-29-10-57-13am,gps,1.30175082,103.88458563,19.0,-28.0,175.4,19.331367
2016-03-29-10-57-23am,1459220243459,1459220243216,2016-03-29-10-57-23am,network,1.301643,103.8848598,47.421,-1.0,-1.0,-1.0
2016-03-29-10-57-33am,1459220253358,1459220254000,2016-03-29-10-57-34am,gps,1.30117275,103.88547892,37.0,7.0,-1.0,0.0
2016-03-29-10-57-43am,1459220263296,1459220263244,2016-03-29-10-57-43am,network,1.3012811,103.8852039,49.5,-1.0,-1.0,-1.0
2016-03-29-10-58-02am,1459220282388,1459220283000,2016-03-29-10-58-03am,gps,1.30105225,103.8853247,17.0,13.0,40.2,0.79246444
2016-03-29-10-58-21am,1459220301415,1459220302000,2016-03-29-10-58-22am,gps,1.30094508,103.88748091,12.0,20.0,95.0,15.451048
2016-03-29-10-58-31am,1459220311372,1459220312000,2016-03-29-10-58-32am,gps,1.30065221,103.88884126,17.0,15.0,105.0,14.515792
2016-03-29-10-58-41am,1459220321361,1459220322000,2016-03-29-10-58-42am,gps,1.30013144,103.89014928,12.0,2.0,103.9,16.755777
2016-03-29-10-58-51am,1459220331373,1459220332000,2016-03-29-10-58-52am,gps,1.30033261,103.89153119,9.0,8.0,73.1,16.440012
2016-03-29-10-59-01am,1459220341407,1459220342000,2016-03-29-10-59-02am,gps,1.30060389,103.8928975,8.0,-7.0,72.5,16.050251
2016-03-29-10-59-11am,1459220351379,1459220352000,2016-03-29-10-59-12am,gps,1.30118036,103.89437831,8.0,-2.0,72.5,16.650507
2016-03-29-10-59-24am,1459220364918,1459220364599,2016-03-29-10-59-24am,network,1.3014452,103.8954508,50.012,-1.0,-1.0,-1.0
2016-03-29-10-59-31am,1459220371366,1459220372000,2016-03-29-10-59-32am,gps,1.30174524,103.89579369,14.0,17.0,-1.0,0.0
2016-03-29-10-59-41am,1459220381406,1459220382000,2016-03-29-10-59-42am,gps,1.30180452,103.89598873,13.0,18.0,71.4,7.6100593
2016-03-29-10-59-51am,1459220391375,1459220392000,2016-03-29-10-59-52am,gps,1.30197427,103.89677836,9.0,27.0,73.4,6.6503687
2016-03-29-11-00-01am,1459220401428,1459220402000,2016-03-29-11-00-02am,gps,1.30212378,103.89689239,10.0,24.0,-1.0,0.0
2016-03-29-11-00-11am,1459220411401,1459220412000,2016-03-29-11-00-12am,gps,1.30211715,103.89690503,10.0,21.0,-1.0,0.0
2016-03-29-11-00-21am,1459220421377,1459220422000,2016-03-29-11-00-22am,gps,1.30208444,103.89692192,8.0,19.0,-1.0,0.0
2016-03-29-11-00-31am,1459220431414,1459220432000,2016-03-29-11-00-32am,gps,1.30207505,103.89693626,8.0,16.0,119.3,1.5454773
2016-03-29-11-00-41am,1459220441398,1459220442000,2016-03-29-11-00-42am,gps,1.30207432,103.89698114,9.0,7.0,-1.0,0.0
2016-03-29-11-00-52am,1459220452392,1459220453000,2016-03-29-11-00-53am,gps,1.30158246,103.89722978,19.0,-12.0,152.5,15.8505335
2016-03-29-11-01-04am,1459220464972,1459220464750,2016-03-29-11-01-04am,network,1.299914,103.8976167,101.625,-1.0,-1.0,-1.0
2016-03-29-11-01-11am,1459220471404,1459220472000,2016-03-29-11-01-12am,gps,1.29848714,103.89802979,11.0,16.0,165.0,15.040053
2016-03-29-11-01-21am,1459220481375,1459220482000,2016-03-29-11-01-22am,gps,1.29769404,103.89866541,18.0,5.0,122.5,9.82371
2016-03-29-11-01-31am,1459220491431,1459220492000,2016-03-29-11-01-32am,gps,1.29819491,103.9001946,17.0,11.0,72.0,20.280159
2016-03-29-11-01-41am,1459220501368,1459220502000,2016-03-29-11-01-42am,gps,1.29883224,103.90188137,19.0,6.0,69.1,21.510002
2016-03-29-11-01-51am,1459220511413,1459220512000,2016-03-29-11-01-52am,gps,1.2995856,103.90368899,8.0,18.0,70.4,21.521025
2016-03-29-11-02-01am,1459220521386,1459220522000,2016-03-29-11-02-02am,gps,1.30028063,103.90563245,11.0,9.0,72.2,23.190863
2016-03-29-11-02-11am,1459220531391,1459220532000,2016-03-29-11-02-12am,gps,1.30090006,103.90778356,9.0,14.0,74.0,24.060299
2016-03-29-11-02-21am,1459220541357,1459220542000,2016-03-29-11-02-22am,gps,1.30145744,103.9097288,11.0,12.0,74.5,23.381231
2016-03-29-11-02-31am,1459220551363,1459220552000,2016-03-29-11-02-32am,gps,1.30201327,103.91180551,6.0,17.0,74.6,23.770077
2016-03-29-11-02-41am,1459220561379,1459220562000,2016-03-29-11-02-42am,gps,1.3026846,103.91385502,8.0,20.0,74.5,23.040218
2016-03-29-11-02-51am,1459220571433,1459220572000,2016-03-29-11-02-52am,gps,1.30317463,103.91575066,14.0,12.0,73.7,19.880001
2016-03-29-11-03-01am,1459220581357,1459220582000,2016-03-29-11-03-02am,gps,1.30366186,103.91738569,5.0,27.0,74.3,20.39134
2016-03-29-11-03-11am,1459220591366,1459220592000,2016-03-29-11-03-12am,gps,1.30415452,103.91923469,7.0,27.0,75.0,23.61001
2016-03-29-11-03-25am,1459220605311,1459220605112,2016-03-29-11-03-25am,network,1.3052924,103.9214278,51.0,-1.0,-1.0,-1.0
2016-03-29-11-03-31am,1459220611378,1459220612000,2016-03-29-11-03-32am,gps,1.30526631,103.92360291,12.0,7.0,75.7,23.810019
2016-03-29-11-03-41am,1459220621358,1459220622000,2016-03-29-11-03-42am,gps,1.30605615,103.92565813,12.0,21.0,74.1,24.260075
2016-03-29-11-03-51am,1459220631386,1459220632000,2016-03-29-11-03-52am,gps,1.30680244,103.92767508,11.0,6.0,60.9,24.561832
2016-03-29-11-04-01am,1459220641357,1459220642000,2016-03-29-11-04-02am,gps,1.3075942,103.92965154,12.0,-8.0,71.3,26.262074
2016-03-29-11-04-12am,1459220652365,1459220653000,2016-03-29-11-04-13am,gps,1.30846808,103.93228255,9.0,-4.0,73.0,26.422733
2016-03-29-11-04-26am,1459220666522,1459220665213,2016-03-29-11-04-25am,network,1.309317,103.9342581,120.172,-1.0,-1.0,-1.0
2016-03-29-11-04-41am,1459220681364,1459220682000,2016-03-29-11-04-42am,gps,1.31011698,103.93802672,19.0,18.0,74.2,17.460045
2016-03-29-11-04-51am,1459220691380,1459220692000,2016-03-29-11-04-52am,gps,1.31043929,103.93948917,19.0,-18.0,70.6,18.99001
2016-03-29-11-05-01am,1459220701359,1459220702000,2016-03-29-11-05-02am,gps,1.31128317,103.94068828,17.0,2.0,37.5,13.600721
2016-03-29-11-05-12am,1459220712370,1459220713000,2016-03-29-11-05-13am,gps,1.3123916,103.94050379,16.0,-10.0,340.5,14.801095
2016-03-29-11-05-26am,1459220726491,1459220726284,2016-03-29-11-05-26am,network,1.3141399,103.9402305,149.433,-1.0,-1.0,-1.0
2016-03-29-11-05-42am,1459220742354,1459220743000,2016-03-29-11-05-43am,gps,1.31504736,103.94093013,19.0,-8.0,85.4,14.08142
2016-03-29-11-05-52am,1459220752382,1459220753000,2016-03-29-11-05-53am,gps,1.3154085,103.9425375,14.0,-1.0,74.7,17.060236
2016-03-29-11-06-06am,1459220766649,1459220766314,2016-03-29-11-06-06am,network,1.3159902,103.9439208,30.0,-1.0,-1.0,-1.0
2016-03-29-11-06-22am,1459220782372,1459220783000,2016-03-29-11-06-23am,gps,1.3163249,103.94519491,14.0,0.0,76.9,6.9741306
2016-03-29-11-06-41am,1459220801360,1459220802000,2016-03-29-11-06-42am,gps,1.31702649,103.94735625,19.0,8.0,74.3,14.250284
2016-03-29-11-06-46am,1459220806719,1459220806522,2016-03-29-11-06-46am,network,1.3169127,103.9471336,33.125,-1.0,-1.0,-1.0
2016-03-29-11-07-02am,1459220822369,1459220823000,2016-03-29-11-07-03am,gps,1.31799513,103.95008973,19.0,-25.0,72.9,20.740696
2016-03-29-11-07-12am,1459220832391,1459220833000,2016-03-29-11-07-13am,gps,1.31852754,103.95189643,19.0,-13.0,81.5,17.580002
2016-03-29-11-07-27am,1459220847120,1459220846711,2016-03-29-11-07-26am,network,1.3190373,103.95342,52.922,-1.0,-1.0,-1.0
2016-03-29-11-07-41am,1459220861379,1459220862000,2016-03-29-11-07-42am,gps,1.32031819,103.95582521,9.0,7.0,18.1,11.860421
2016-03-29-11-07-47am,1459220867926,1459220866696,2016-03-29-11-07-46am,network,1.3204978,103.9551522,87.869,-1.0,-1.0,-1.0
2016-03-29-11-08-02am,1459220882368,1459220883000,2016-03-29-11-08-03am,gps,1.32255119,103.95419077,17.0,-16.0,322.3,17.990225
2016-03-29-11-08-12am,1459220892376,1459220893000,2016-03-29-11-08-13am,gps,1.32381581,103.95322851,15.0,-10.0,322.5,16.895992
2016-03-29-11-08-27am,1459220907181,1459220906786,2016-03-29-11-08-26am,network,1.3249163,103.9524109,30.0,-1.0,-1.0,-1.0
2016-03-29-11-08-32am,1459220912391,1459220913000,2016-03-29-11-08-33am,gps,1.32604458,103.95163312,19.0,-8.0,321.9,16.740026
2016-03-29-11-08-42am,1459220922376,1459220923000,2016-03-29-11-08-43am,gps,1.32709846,103.95081515,25.0,-8.0,321.1,12.93447
2016-03-29-11-08-48am,1459220928675,1459220928224,2016-03-29-11-08-48am,network,1.3274705,103.9504824,40.5,-1.0,-1.0,-1.0
2016-03-29-11-09-02am,1459220942393,1459220943000,2016-03-29-11-09-03am,gps,1.32837018,103.94982102,27.0,-11.0,323.8,10.613435
2016-03-29-11-09-08am,1459220948683,1459220948224,2016-03-29-11-09-08am,network,1.3288403,103.9497928,37.5,-1.0,-1.0,-1.0
2016-03-29-11-09-28am,1459220968887,1459220968491,2016-03-29-11-09-28am,network,1.3304979,103.9480647,43.687,-1.0,-1.0,-1.0
2016-03-29-11-09-41am,1459220981399,1459220982000,2016-03-29-11-09-42am,gps,1.33114904,103.94845701,15.0,-2.0,52.7,7.637709
2016-03-29-11-09-50am,1459220990308,1459220989937,2016-03-29-11-09-49am,network,1.3313213,103.9484212,55.392,-1.0,-1.0,-1.0
2016-03-29-11-10-09am,1459221009958,1459221009916,2016-03-29-11-10-09am,network,1.3310945,103.9486538,36.145,-1.0,-1.0,-1.0
2016-03-29-11-10-21am,1459221021381,1459221022000,2016-03-29-11-10-22am,gps,1.33113725,103.94899228,13.0,-3.0,-1.0,0.0
2016-03-29-11-10-31am,1459221031440,1459221032000,2016-03-29-11-10-32am,gps,1.33112864,103.94899344,12.0,-7.0,163.2,0.44181442
2016-03-29-11-10-41am,1459221041505,1459221042000,2016-03-29-11-10-42am,gps,1.33124457,103.94895515,12.0,12.0,4.0,2.1610413
2016-03-29-11-10-51am,1459221051393,1459221052000,2016-03-29-11-10-52am,gps,1.3311453,103.94898294,12.0,14.0,4.0,0.4119466
2016-03-29-11-11-01am,1459221061364,1459221062000,2016-03-29-11-11-02am,gps,1.33118901,103.94889607,10.0,16.0,4.0,1.0530431
2016-03-29-11-11-11am,1459221071342,1459221071318,2016-03-29-11-11-11am,network,1.3311862,103.948867,77.167,-1.0,-1.0,-1.0
2016-03-29-11-11-21am,1459221081385,1459221082000,2016-03-29-11-11-22am,gps,1.33107192,103.94894013,10.0,-2.0,-1.0,0.0
2016-03-29-11-11-31am,1459221091414,1459221092000,2016-03-29-11-11-32am,gps,1.33107993,103.94894669,12.0,0.0,4.0,0.50289166
2016-03-29-11-11-51am,1459221111355,1459221112000,2016-03-29-11-11-52am,gps,1.33119018,103.94888359,8.0,-1.0,4.0,0.7125307
2016-03-29-11-12-01am,1459221121364,1459221122000,2016-03-29-11-12-02am,gps,1.33129134,103.9489156,12.0,-2.0,4.0,1.19105
2016-03-29-11-12-11am,1459221131548,1459221132000,2016-03-29-11-12-12am,gps,1.33126639,103.94870619,13.0,-20.0,4.0,0.88
2016-03-29-11-12-21am,1459221141547,1459221142000,2016-03-29-11-12-22am,gps,1.33118752,103.94861902,15.0,-8.0,4.0,1.1047624
2016-03-29-11-12-32am,1459221152391,1459221153000,2016-03-29-11-12-33am,gps,1.33115231,103.94854576,20.0,10.0,4.0,0.8009994
2016-03-29-11-12-42am,1459221162429,1459221163000,2016-03-29-11-12-43am,gps,1.33134308,103.9486565,18.0,7.0,4.0,0.72013885
2016-03-29-11-12-56am,1459221176587,1459221176451,2016-03-29-11-12-56am,network,1.3314164,103.9484367,55.826,-1.0,-1.0,-1.0
2016-03-29-11-13-11am,1459221191445,1459221192000,2016-03-29-11-13-12am,gps,1.3314675,103.94834995,10.0,3.0,4.0,0.72062474
2016-03-29-11-13-16am,1459221196789,1459221196711,2016-03-29-11-13-16am,network,1.33139,103.9483353,28.0,-1.0,-1.0,-1.0
2016-03-29-11-13-31am,1459221211415,1459221212000,2016-03-29-11-13-32am,gps,1.33177265,103.94823311,15.0,24.0,4.0,0.8132035
2016-03-29-11-13-36am,1459221216789,1459221216740,2016-03-29-11-13-36am,network,1.331335,103.9482545,33.0,-1.0,-1.0,-1.0
2016-03-29-11-13-42am,1459221222457,1459221223000,2016-03-29-11-13-43am,gps,1.33180767,103.94820492,17.0,25.0,4.0,0.65
2016-03-29-11-13-56am,1459221236885,1459221236792,2016-03-29-11-13-56am,network,1.3313586,103.9482713,30.0,-1.0,-1.0,-1.0
2016-03-29-11-14-18am,1459221258757,1459221256738,2016-03-29-11-14-16am,network,1.3313454,103.9482696,20.247,-1.0,-1.0,-1.0
2016-03-29-11-14-32am,1459221272389,1459221273000,2016-03-29-11-14-33am,gps,1.33147431,103.94820077,20.0,28.0,4.0,0.55569774
2016-03-29-11-14-42am,1459221282470,1459221283000,2016-03-29-11-14-43am,gps,1.33139856,103.94811334,22.0,19.0,-1.0,0.0
2016-03-29-11-15-01am,1459221301369,1459221302000,2016-03-29-11-15-02am,gps,1.33136916,103.94812883,15.0,21.0,-1.0,0.0
2016-03-29-11-15-11am,1459221311387,1459221312000,2016-03-29-11-15-12am,gps,1.3313913,103.94818788,13.0,19.0,-1.0,0.0
2016-03-29-11-15-21am,1459221321475,1459221322000,2016-03-29-11-15-22am,gps,1.33140053,103.9481874,16.0,21.0,4.0,1.2059851
2016-03-29-11-15-31am,1459221331353,1459221332000,2016-03-29-11-15-32am,gps,1.33168809,103.94823978,17.0,-2.0,4.0,0.60827625
2016-03-29-11-15-42am,1459221342365,1459221343000,2016-03-29-11-15-43am,gps,1.33177832,103.94830958,19.0,1.0,-1.0,0.0
2016-03-29-11-15-52am,1459221352458,1459221353000,2016-03-29-11-15-53am,gps,1.33171986,103.94831517,22.0,-4.0,4.0,0.84864604
2016-03-29-11-16-02am,1459221362403,1459221363000,2016-03-29-11-16-03am,gps,1.33152633,103.94826815,25.0,-22.0,4.0,0.7333485
2016-03-29-11-16-12am,1459221372354,1459221373000,2016-03-29-11-16-13am,gps,1.33138267,103.94831428,23.0,-18.0,4.0,1.065129
2016-03-29-11-16-22am,1459221382458,1459221383000,2016-03-29-11-16-23am,gps,1.33139788,103.94825177,17.0,-7.0,4.0,0.6603787
2016-03-29-11-16-42am,1459221402449,1459221403000,2016-03-29-11-16-43am,gps,1.33104506,103.94821816,15.0,-15.0,-1.0,0.0
2016-03-29-11-17-01am,1459221421483,1459221422000,2016-03-29-11-17-02am,gps,1.33108542,103.94830738,19.0,8.0,4.0,0.585235
2016-03-29-11-17-06am,1459221426702,1459221426652,2016-03-29-11-17-06am,network,1.3313251,103.948321,25.346,-1.0,-1.0,-1.0
2016-03-29-11-17-12am,1459221432497,1459221433000,2016-03-29-11-17-13am,gps,1.33107451,103.94818341,21.0,44.0,4.0,1.5100993
2016-03-29-11-17-26am,1459221446924,1459221446835,2016-03-29-11-17-26am,network,1.3313142,103.9482879,23.131,-1.0,-1.0,-1.0
2016-03-29-11-17-42am,1459221462384,1459221463000,2016-03-29-11-17-43am,gps,1.33102444,103.94827325,29.0,44.0,4.0,0.78262377
2016-03-29-11-17-52am,1459221472372,1459221473000,2016-03-29-11-17-53am,gps,1.33127607,103.94823545,29.0,35.0,-1.0,0.78
2016-03-29-11-18-06am,1459221486931,1459221486898,2016-03-29-11-18-06am,network,1.331279,103.948587,44.175,-1.0,-1.0,-1.0
2016-03-29-11-18-12am,1459221492412,1459221493000,2016-03-29-11-18-13am,gps,1.33132652,103.94823817,21.0,27.0,4.0,1.15
2016-03-29-11-18-22am,1459221502443,1459221503000,2016-03-29-11-18-23am,gps,1.33122817,103.94813961,28.0,26.0,4.0,0.8697701
2016-03-29-11-18-28am,1459221508155,1459221508088,2016-03-29-11-18-28am,network,1.3312455,103.9483,27.817,-1.0,-1.0,-1.0
2016-03-29-11-18-42am,1459221522532,1459221523000,2016-03-29-11-18-43am,gps,1.33100326,103.94823905,22.0,10.0,4.0,0.4295346
2016-03-29-11-18-48am,1459221528221,1459221528144,2016-03-29-11-18-48am,network,1.3307944,103.9481341,53.96,-1.0,-1.0,-1.0
2016-03-29-11-19-02am,1459221542380,1459221543000,2016-03-29-11-19-03am,gps,1.33079537,103.94819571,21.0,-2.0,-1.0,0.0
2016-03-29-11-19-08am,1459221548292,1459221548211,2016-03-29-11-19-08am,network,1.330808,103.9481505,23.324,-1.0,-1.0,-1.0
2016-03-29-11-19-22am,1459221562475,1459221563000,2016-03-29-11-19-23am,gps,1.33088079,103.94823281,24.0,-6.0,-1.0,0.0
2016-03-29-11-19-28am,1459221568383,1459221568264,2016-03-29-11-19-28am,network,1.3308061,103.9481867,64.512,-1.0,-1.0,-1.0
2016-03-29-11-19-48am,1459221588356,1459221588299,2016-03-29-11-19-48am,network,1.3311067,103.9483324,88.167,-1.0,-1.0,-1.0
2016-03-29-11-20-06am,1459221606353,1459221607000,2016-03-29-11-20-07am,gps,1.33092341,103.94827014,46.0,-5.0,-1.0,0.0
2016-03-29-11-20-23am,1459221623360,1459221624000,2016-03-29-11-20-24am,gps,1.33093875,103.94827227,27.0,-6.0,-1.0,0.0
2016-03-29-11-20-33am,1459221633357,1459221634000,2016-03-29-11-20-34am,gps,1.33095444,103.94827415,29.0,-7.0,-1.0,0.0
2016-03-29-11-20-48am,1459221648309,1459221648254,2016-03-29-11-20-48am,network,1.331078,103.9482619,44.367,-1.0,-1.0,-1.0
2016-03-29-11-20-55am,1459221655381,1459221656000,2016-03-29-11-20-56am,gps,1.33096308,103.94827851,61.0,-7.0,-1.0,0.0
2016-03-29-11-21-08am,1459221668286,1459221668257,2016-03-29-11-21-08am,network,1.3311141,103.9482013,32.717,-1.0,-1.0,-1.0
2016-03-29-11-21-28am,1459221688341,1459221688311,2016-03-29-11-21-28am,network,1.3307675,103.9482672,58.89,-1.0,-1.0,-1.0
2016-03-29-11-21-41am,1459221701356,1459221702000,2016-03-29-11-21-42am,gps,1.33102638,103.94828045,35.0,-8.0,-1.0,0.0
2016-03-29-11-21-49am,1459221709831,1459221709788,2016-03-29-11-21-49am,network,1.3310607,103.9483913,60.137,-1.0,-1.0,-1.0
2016-03-29-11-22-11am,1459221731437,1459221731398,2016-03-29-11-22-11am,network,1.3311104,103.948269,47.395,-1.0,-1.0,-1.0
2016-03-29-11-22-31am,1459221751405,1459221752000,2016-03-29-11-22-32am,gps,1.33100141,103.94828773,44.0,-5.0,-1.0,0.0
2016-03-29-11-22-42am,1459221762372,1459221763000,2016-03-29-11-22-43am,gps,1.33100435,103.94828449,49.0,-5.0,-1.0,0.0
2016-03-29-11-22-51am,1459221771514,1459221771455,2016-03-29-11-22-51am,network,1.3308136,103.9482184,59.551,-1.0,-1.0,-1.0
2016-03-29-11-22-59am,1459221779480,1459221780000,2016-03-29-11-23-00am,gps,1.3310003,103.948286,17.0,-3.0,-1.0,0.0
2016-03-29-11-23-09am,1459221789410,1459221790000,2016-03-29-11-23-10am,gps,1.33101994,103.94827767,21.0,-4.0,-1.0,0.0
2016-03-29-11-23-20am,1459221800405,1459221801000,2016-03-29-11-23-21am,gps,1.33101894,103.94828656,20.0,-3.0,-1.0,0.0
2016-03-29-11-23-32am,1459221812622,1459221812596,2016-03-29-11-23-32am,network,1.3310666,103.9483327,65.22,-1.0,-1.0,-1.0
2016-03-29-11-23-52am,1459221832739,1459221832666,2016-03-29-11-23-52am,network,1.3310219,103.9482237,41.445,-1.0,-1.0,-1.0
2016-03-29-11-24-12am,1459221852730,1459221852695,2016-03-29-11-24-12am,network,1.3309188,103.9482505,61.5,-1.0,-1.0,-1.0
2016-03-29-11-24-21am,1459221861463,1459221862000,2016-03-29-11-24-22am,gps,1.330912,103.94856199,15.0,-38.0,-1.0,0.0
2016-03-29-11-24-32am,1459221872818,1459221872768,2016-03-29-11-24-32am,network,1.3309536,103.9483471,67.382,-1.0,-1.0,-1.0
2016-03-29-11-24-39am,1459221879412,1459221880000,2016-03-29-11-24-40am,gps,1.33101181,103.94836885,36.0,-48.0,131.0,0.9508417
2016-03-29-11-24-52am,1459221892980,1459221892916,2016-03-29-11-24-52am,network,1.330992,103.9482721,36.472,-1.0,-1.0,-1.0
2016-03-29-11-25-03am,1459221903445,1459221904000,2016-03-29-11-25-04am,gps,1.33139462,103.94818064,48.0,-20.0,131.0,2.1433618
2016-03-29-11-25-15am,1459221915334,1459221915279,2016-03-29-11-25-15am,network,1.3310325,103.9482887,40.348,-1.0,-1.0,-1.0
2016-03-29-11-25-35am,1459221935461,1459221935425,2016-03-29-11-25-35am,network,1.3308965,103.9482816,27.765,-1.0,-1.0,-1.0
2016-03-29-11-25-55am,1459221955595,1459221955512,2016-03-29-11-25-55am,network,1.3310536,103.9482977,41.634,-1.0,-1.0,-1.0
2016-03-29-11-26-03am,1459221963536,1459221964000,2016-03-29-11-26-04am,gps,1.33107957,103.94823976,34.0,31.0,-1.0,0.0
2016-03-29-11-26-17am,1459221977044,1459221977014,2016-03-29-11-26-17am,network,1.3308705,103.9482605,55.818,-1.0,-1.0,-1.0
2016-03-29-11-26-34am,1459221994460,1459221995000,2016-03-29-11-26-35am,gps,1.33106573,103.94824768,46.0,30.0,-1.0,0.0
2016-03-29-11-26-50am,1459222010385,1459222011000,2016-03-29-11-26-51am,gps,1.33093397,103.94834028,25.0,16.0,-1.0,0.0
2016-03-29-11-26-57am,1459222017713,1459222017684,2016-03-29-11-26-57am,network,1.3309832,103.9482243,44.857,-1.0,-1.0,-1.0
2016-03-29-11-27-08am,1459222028359,1459222029000,2016-03-29-11-27-09am,gps,1.33095799,103.94833328,29.0,16.0,-1.0,0.0
2016-03-29-11-27-17am,1459222037827,1459222037799,2016-03-29-11-27-17am,network,1.3310069,103.9483191,45.0,-1.0,-1.0,-1.0
2016-03-29-11-27-28am,1459222048402,1459222049000,2016-03-29-11-27-29am,gps,1.33093795,103.94835239,28.0,16.0,-1.0,0.0
2016-03-29-11-27-37am,1459222057958,1459222057852,2016-03-29-11-27-37am,network,1.3311238,103.9482729,57.0,-1.0,-1.0,-1.0
2016-03-29-11-27-49am,1459222069438,1459222070000,2016-03-29-11-27-50am,gps,1.33092671,103.94835714,24.0,16.0,-1.0,0.0
2016-03-29-11-27-58am,1459222078077,1459222078002,2016-03-29-11-27-58am,network,1.3309973,103.9482931,46.043,-1.0,-1.0,-1.0
2016-03-29-11-28-09am,1459222089506,1459222090000,2016-03-29-11-28-10am,gps,1.33092551,103.94836621,35.0,13.0,-1.0,0.0
2016-03-29-11-28-18am,1459222098112,1459222098035,2016-03-29-11-28-18am,network,1.3311258,103.9482581,34.01,-1.0,-1.0,-1.0
2016-03-29-11-28-29am,1459222109360,1459222110000,2016-03-29-11-28-30am,gps,1.33091307,103.94834938,28.0,24.0,-1.0,0.0
2016-03-29-11-28-38am,1459222118516,1459222118049,2016-03-29-11-28-38am,network,1.3308312,103.9483531,42.0,-1.0,-1.0,-1.0
2016-03-29-11-28-48am,1459222128389,1459222129000,2016-03-29-11-28-49am,gps,1.33091454,103.94835287,22.0,22.0,-1.0,0.0
2016-03-29-11-28-58am,1459222138298,1459222138259,2016-03-29-11-28-58am,network,1.3310327,103.9483169,44.201,-1.0,-1.0,-1.0
2016-03-29-11-29-19am,1459222159383,1459222160000,2016-03-29-11-29-20am,gps,1.33091369,103.94834223,22.0,22.0,-1.0,0.0
2016-03-29-11-29-37am,1459222177387,1459222178000,2016-03-29-11-29-38am,gps,1.33093141,103.94832694,17.0,22.0,-1.0,0.0
2016-03-29-11-29-48am,1459222188485,1459222189000,2016-03-29-11-29-49am,gps,1.33095823,103.94831434,24.0,20.0,-1.0,0.0
2016-03-29-11-29-58am,1459222198466,1459222199000,2016-03-29-11-29-59am,gps,1.33096489,103.94831279,17.0,19.0,-1.0,0.0
2016-03-29-11-30-08am,1459222208398,1459222209000,2016-03-29-11-30-09am,gps,1.33097697,103.94829378,19.0,22.0,-1.0,0.0
2016-03-29-11-30-18am,1459222218379,1459222219000,2016-03-29-11-30-19am,gps,1.33097034,103.94828585,14.0,26.0,-1.0,0.0
2016-03-29-11-30-28am,1459222228422,1459222229000,2016-03-29-11-30-29am,gps,1.330969,103.94827148,16.0,30.0,-1.0,0.0
2016-03-29-11-30-38am,1459222238452,1459222239000,2016-03-29-11-30-39am,gps,1.33096336,103.9482676,17.0,33.0,-1.0,0.0
2016-03-29-11-30-57am,1459222257414,1459222258000,2016-03-29-11-30-58am,gps,1.33097479,103.94826382,15.0,32.0,-1.0,0.0
2016-03-29-11-31-07am,1459222267418,1459222268000,2016-03-29-11-31-08am,gps,1.33097934,103.94826321,19.0,31.0,-1.0,0.0
2016-03-29-11-31-18am,1459222278387,1459222279000,2016-03-29-11-31-19am,gps,1.33098237,103.94826097,17.0,31.0,-1.0,0.0
2016-03-29-11-31-37am,1459222297491,1459222298000,2016-03-29-11-31-38am,gps,1.33099095,103.94825417,16.0,32.0,-1.0,0.0
2016-03-29-11-31-47am,1459222307492,1459222308000,2016-03-29-11-31-48am,gps,1.33099309,103.94824785,13.0,33.0,-1.0,0.0
2016-03-29-11-31-58am,1459222318392,1459222319000,2016-03-29-11-31-59am,gps,1.33099552,103.94824197,21.0,34.0,-1.0,0.0
2016-03-29-11-32-08am,1459222328484,1459222329000,2016-03-29-11-32-09am,gps,1.33100147,103.94823937,14.0,33.0,-1.0,0.0
2016-03-29-11-32-21am,1459222341150,1459222341120,2016-03-29-11-32-21am,network,1.3310364,103.9482033,39.572,-1.0,-1.0,-1.0
2016-03-29-11-32-28am,1459222348433,1459222349000,2016-03-29-11-32-29am,gps,1.33100727,103.94823557,18.0,33.0,-1.0,0.0
2016-03-29-11-32-41am,1459222361182,1459222361139,2016-03-29-11-32-41am,network,1.3310223,103.948154,40.009,-1.0,-1.0,-1.0
2016-03-29-11-32-48am,1459222368498,1459222369000,2016-03-29-11-32-49am,gps,1.33100994,103.94823538,15.0,33.0,-1.0,0.0
2016-03-29-11-33-03am,1459222383593,1459222383558,2016-03-29-11-33-03am,network,1.3309858,103.9481496,70.59,-1.0,-1.0,-1.0
2016-03-29-11-33-18am,1459222398493,1459222399000,2016-03-29-11-33-19am,gps,1.3310096,103.94823176,18.0,33.0,-1.0,0.0
2016-03-29-11-33-23am,1459222403773,1459222403727,2016-03-29-11-33-23am,network,1.3310295,103.9481486,38.977,-1.0,-1.0,-1.0
2016-03-29-11-33-38am,1459222418400,1459222419000,2016-03-29-11-33-39am,gps,1.33100926,103.94823351,21.0,33.0,-1.0,0.0
2016-03-29-11-33-45am,1459222425223,1459222425194,2016-03-29-11-33-45am,network,1.3309813,103.9482474,45.729,-1.0,-1.0,-1.0
2016-03-29-11-33-58am,1459222438524,1459222439000,2016-03-29-11-33-59am,gps,1.33101071,103.94822327,26.0,34.0,-1.0,0.0
2016-03-29-11-34-05am,1459222445425,1459222445389,2016-03-29-11-34-05am,network,1.331044,103.9483046,42.723,-1.0,-1.0,-1.0
2016-03-29-11-34-18am,1459222458463,1459222459000,2016-03-29-11-34-19am,gps,1.33101377,103.94822082,17.0,34.0,-1.0,0.0
2016-03-29-11-34-25am,1459222465435,1459222465409,2016-03-29-11-34-25am,network,1.3309574,103.9482917,33.479,-1.0,-1.0,-1.0
2016-03-29-11-34-37am,1459222477348,1459222478000,2016-03-29-11-34-38am,gps,1.33101741,103.94821493,18.0,34.0,-1.0,0.0
2016-03-29-11-34-45am,1459222485675,1459222485637,2016-03-29-11-34-45am,network,1.3308876,103.9481523,42.0,-1.0,-1.0,-1.0
2016-03-29-11-35-05am,1459222505792,1459222505724,2016-03-29-11-35-05am,network,1.3310708,103.9482386,73.599,-1.0,-1.0,-1.0
2016-03-29-11-35-17am,1459222517399,1459222518000,2016-03-29-11-35-18am,gps,1.33101837,103.94821357,16.0,34.0,-1.0,0.0
2016-03-29-11-35-25am,1459222525828,1459222525775,2016-03-29-11-35-25am,network,1.331002,103.9482203,43.087,-1.0,-1.0,-1.0
2016-03-29-11-35-39am,1459222539490,1459222540000,2016-03-29-11-35-40am,gps,1.33101977,103.94821248,21.0,35.0,-1.0,0.0
2016-03-29-11-35-45am,1459222545907,1459222545868,2016-03-29-11-35-45am,network,1.3310595,103.9482536,39.268,-1.0,-1.0,-1.0
2016-03-29-11-35-57am,1459222557401,1459222558000,2016-03-29-11-35-58am,gps,1.33101938,103.94821509,16.0,35.0,-1.0,0.0
2016-03-29-11-36-06am,1459222566091,1459222566055,2016-03-29-11-36-06am,network,1.3310346,103.948308,68.218,-1.0,-1.0,-1.0
2016-03-29-11-36-18am,1459222578518,1459222579000,2016-03-29-11-36-19am,gps,1.33101847,103.94821545,24.0,35.0,-1.0,0.0
2016-03-29-11-36-26am,1459222586309,1459222586250,2016-03-29-11-36-26am,network,1.3310082,103.9482618,37.91,-1.0,-1.0,-1.0
2016-03-29-11-36-38am,1459222598426,1459222599000,2016-03-29-11-36-39am,gps,1.33101896,103.94821538,17.0,35.0,-1.0,0.0
2016-03-29-11-36-46am,1459222606328,1459222606247,2016-03-29-11-36-46am,network,1.3308822,103.9483021,43.5,-1.0,-1.0,-1.0
2016-03-29-11-36-58am,1459222618459,1459222619000,2016-03-29-11-36-59am,gps,1.33101906,103.94821592,22.0,34.0,-1.0,0.0
2016-03-29-11-37-08am,1459222628453,1459222629000,2016-03-29-11-37-09am,gps,1.33101996,103.94821408,24.0,35.0,-1.0,0.0
2016-03-29-11-37-18am,1459222638402,1459222639000,2016-03-29-11-37-19am,gps,1.33101969,103.94821336,24.0,34.0,-1.0,0.0
2016-03-29-11-37-24am,1459222644248,1459222644192,2016-03-29-11-37-24am,network,1.3309654,103.9482325,46.66,-1.0,-1.0,-1.0
2016-03-29-11-37-39am,1459222659461,1459222660000,2016-03-29-11-37-40am,gps,1.33101973,103.94821449,22.0,34.0,-1.0,0.0
2016-03-29-11-37-45am,1459222665245,1459222665219,2016-03-29-11-37-45am,network,1.3310177,103.9483073,42.279,-1.0,-1.0,-1.0
2016-03-29-11-37-58am,1459222678411,1459222679000,2016-03-29-11-37-59am,gps,1.33102475,103.94821186,22.0,32.0,-1.0,0.0
2016-03-29-11-38-05am,1459222685314,1459222685277,2016-03-29-11-38-05am,network,1.3311478,103.9482635,32.529,-1.0,-1.0,-1.0
2016-03-29-11-38-18am,1459222698518,1459222699000,2016-03-29-11-38-19am,gps,1.3310254,103.94821138,23.0,32.0,-1.0,0.0
2016-03-29-11-38-25am,1459222705323,1459222705294,2016-03-29-11-38-25am,network,1.3311156,103.9482578,47.833,-1.0,-1.0,-1.0
2016-03-29-11-38-45am,1459222725482,1459222725432,2016-03-29-11-38-45am,network,1.3310021,103.9482819,44.407,-1.0,-1.0,-1.0
2016-03-29-11-38-58am,1459222738362,1459222739000,2016-03-29-11-38-59am,gps,1.33102573,103.94820763,17.0,32.0,-1.0,0.0
2016-03-29-11-39-05am,1459222745599,1459222745522,2016-03-29-11-39-05am,network,1.3310218,103.9482335,41.765,-1.0,-1.0,-1.0
2016-03-29-11-39-18am,1459222758390,1459222759000,2016-03-29-11-39-19am,gps,1.33102155,103.94820777,14.0,32.0,-1.0,0.0
2016-03-29-11-39-25am,1459222765540,1459222765472,2016-03-29-11-39-25am,network,1.3311111,103.948277,47.505,-1.0,-1.0,-1.0
2016-03-29-11-39-38am,1459222778464,1459222779000,2016-03-29-11-39-39am,gps,1.33102032,103.94820869,16.0,32.0,-1.0,0.0
2016-03-29-11-39-45am,1459222785555,1459222785505,2016-03-29-11-39-45am,network,1.3312514,103.9482632,30.0,-1.0,-1.0,-1.0
2016-03-29-11-39-59am,1459222799541,1459222800000,2016-03-29-11-40-00am,gps,1.33101944,103.94820965,23.0,32.0,-1.0,0.0
2016-03-29-11-40-05am,1459222805731,1459222805593,2016-03-29-11-40-05am,network,1.3309574,103.9483301,50.888,-1.0,-1.0,-1.0
2016-03-29-11-40-18am,1459222818381,1459222819000,2016-03-29-11-40-19am,gps,1.33101801,103.94821067,24.0,33.0,-1.0,0.0
2016-03-29-11-40-25am,1459222825785,1459222825678,2016-03-29-11-40-25am,network,1.331159,103.9482565,51.847,-1.0,-1.0,-1.0
2016-03-29-11-40-45am,1459222845670,1459222845638,2016-03-29-11-40-45am,network,1.3312069,103.9482896,29.64,-1.0,-1.0,-1.0
2016-03-29-11-40-58am,1459222858349,1459222859000,2016-03-29-11-40-59am,gps,1.33101641,103.94821409,20.0,33.0,-1.0,0.0
2016-03-29-11-41-05am,1459222865667,1459222865613,2016-03-29-11-41-05am,network,1.3309014,103.9482301,28.328,-1.0,-1.0,-1.0
2016-03-29-11-41-25am,1459222885678,1459222885647,2016-03-29-11-41-25am,network,1.3312154,103.9482918,29.202,-1.0,-1.0,-1.0
2016-03-29-11-41-37am,1459222897387,1459222898000,2016-03-29-11-41-38am,gps,1.33102129,103.94822049,18.0,32.0,41.7,1.2330855
2016-03-29-11-41-46am,1459222906193,1459222906141,2016-03-29-11-41-46am,network,1.331171,103.9482947,53.166,-1.0,-1.0,-1.0
2016-03-29-11-42-06am,1459222926423,1459222926363,2016-03-29-11-42-06am,network,1.3312521,103.9482917,34.5,-1.0,-1.0,-1.0
2016-03-29-11-42-26am,1459222946738,1459222946456,2016-03-29-11-42-26am,network,1.3314437,103.9482019,37.119,-1.0,-1.0,-1.0
2016-03-29-11-42-46am,1459222966665,1459222966576,2016-03-29-11-42-46am,network,1.3314922,103.9481189,31.313,-1.0,-1.0,-1.0
2016-03-29-11-43-07am,1459222987016,1459222986518,2016-03-29-11-43-06am,network,1.331373,103.9482984,36.0,-1.0,-1.0,-1.0
2016-03-29-11-43-17am,1459222997387,1459222998000,2016-03-29-11-43-18am,gps,1.33171802,103.94894359,102.0,44.0,158.5,2.2073514
2016-03-29-11-43-26am,1459223006778,1459223006737,2016-03-29-11-43-26am,network,1.3312926,103.9483869,32.149,-1.0,-1.0,-1.0
2016-03-29-11-43-36am,1459223016554,1459223017000,2016-03-29-11-43-37am,gps,1.33130042,103.94846972,49.0,38.0,158.5,1.243101
2016-03-29-11-43-46am,1459223026848,1459223026794,2016-03-29-11-43-46am,network,1.3313293,103.9483627,30.0,-1.0,-1.0,-1.0
2016-03-29-11-43-56am,1459223036469,1459223037000,2016-03-29-11-43-57am,gps,1.33134375,103.94818426,65.0,42.0,158.5,1.3024591
2016-03-29-11-44-06am,1459223046886,1459223046847,2016-03-29-11-44-06am,network,1.3315803,103.9481476,30.075,-1.0,-1.0,-1.0
2016-03-29-11-44-22am,1459223062373,1459223063000,2016-03-29-11-44-23am,gps,1.33139567,103.94860878,71.0,53.0,240.4,1.0017984
2016-03-29-11-44-47am,1459223087999,1459223087950,2016-03-29-11-44-47am,network,1.3314492,103.9481291,35.362,-1.0,-1.0,-1.0
2016-03-29-11-45-08am,1459223108066,1459223108043,2016-03-29-11-45-08am,network,1.3314437,103.948186,36.744,-1.0,-1.0,-1.0
2016-03-29-11-45-28am,1459223128157,1459223128110,2016-03-29-11-45-28am,network,1.3315082,103.9481939,31.184,-1.0,-1.0,-1.0
2016-03-29-11-45-48am,1459223148230,1459223148163,2016-03-29-11-45-48am,network,1.3312877,103.94836,36.0,-1.0,-1.0,-1.0
2016-03-29-11-45-54am,1459223154385,1459223155000,2016-03-29-11-45-55am,gps,1.33152494,103.94842229,167.0,63.0,240.4,1.2303658
2016-03-29-11-46-08am,1459223168292,1459223168265,2016-03-29-11-46-08am,network,1.3312807,103.9484246,37.5,-1.0,-1.0,-1.0
2016-03-29-11-46-13am,1459223173422,1459223174000,2016-03-29-11-46-14am,gps,1.33141371,103.94808844,44.0,62.0,-1.0,0.13
2016-03-29-11-46-54am,1459223214988,1459223214949,2016-03-29-11-46-54am,network,1.331324,103.9483178,25.125,-1.0,-1.0,-1.0
2016-03-29-11-47-15am,1459223235375,1459223235277,2016-03-29-11-47-15am,network,1.3313643,103.9482649,40.5,-1.0,-1.0,-1.0
2016-03-29-11-47-35am,1459223255352,1459223255279,2016-03-29-11-47-35am,network,1.3313708,103.9483337,27.0,-1.0,-1.0,-1.0
2016-03-29-11-47-41am,1459223261446,1459223262000,2016-03-29-11-47-42am,gps,1.33040482,103.94910465,139.0,49.0,161.1,2.2165062
2016-03-29-11-47-55am,1459223275485,1459223275406,2016-03-29-11-47-55am,network,1.3311926,103.9482751,29.777,-1.0,-1.0,-1.0
2016-03-29-11-48-14am,1459223294404,1459223295000,2016-03-29-11-48-15am,gps,1.33104711,103.94840282,9.0,35.0,48.1,0.8825531
2016-03-29-11-48-24am,1459223304466,1459223305000,2016-03-29-11-48-25am,gps,1.33124577,103.94851885,12.0,34.0,50.6,0.6789698
2016-03-29-11-48-34am,1459223314481,1459223315000,2016-03-29-11-48-35am,gps,1.33129175,103.94863583,9.0,28.0,50.6,0.3324154
2016-03-29-11-48-53am,1459223333381,1459223334000,2016-03-29-11-48-54am,gps,1.33124294,103.94876695,4.0,29.0,119.6,0.7610519
2016-03-29-11-49-03am,1459223343429,1459223344000,2016-03-29-11-49-04am,gps,1.33124264,103.94887203,5.0,13.0,134.1,0.92444575
2016-03-29-11-49-13am,1459223353354,1459223354000,2016-03-29-11-49-14am,gps,1.33116423,103.94889309,6.0,24.0,134.1,0.21931712
2016-03-29-11-49-24am,1459223364351,1459223365000,2016-03-29-11-49-25am,gps,1.33117763,103.94880965,13.0,24.0,-1.0,0.0
2016-03-29-11-49-33am,1459223373712,1459223373675,2016-03-29-11-49-33am,network,1.331097,103.9486132,43.63,-1.0,-1.0,-1.0
2016-03-29-11-49-54am,1459223394351,1459223395000,2016-03-29-11-49-55am,gps,1.33115388,103.94881869,15.0,22.0,-1.0,0.0
2016-03-29-11-50-01am,1459223401461,1459223401405,2016-03-29-11-50-01am,network,1.3311278,103.9488449,29.0,-1.0,-1.0,-1.0
2016-03-29-11-50-14am,1459223414351,1459223415000,2016-03-29-11-50-15am,gps,1.33114193,103.948982,12.0,30.0,140.5,2.89
2016-03-29-11-50-21am,1459223421625,1459223421465,2016-03-29-11-50-21am,network,1.330966,103.9484887,34.019,-1.0,-1.0,-1.0
2016-03-29-11-50-44am,1459223444378,1459223445000,2016-03-29-11-50-45am,gps,1.33104563,103.94882291,11.0,20.0,317.3,2.880434
2016-03-29-11-50-54am,1459223454427,1459223455000,2016-03-29-11-50-55am,gps,1.33120476,103.94864445,7.0,36.0,270.6,1.3852075
2016-03-29-11-51-04am,1459223464532,1459223465000,2016-03-29-11-51-05am,gps,1.33119527,103.94863248,11.0,29.0,-1.0,0.0
2016-03-29-11-51-14am,1459223474432,1459223475000,2016-03-29-11-51-15am,gps,1.33116226,103.94859024,11.0,35.0,231.5,6.0200334
2016-03-29-11-51-24am,1459223484486,1459223485000,2016-03-29-11-51-25am,gps,1.33085811,103.94826706,8.0,22.0,243.1,0.2404163
2016-03-29-11-51-34am,1459223494429,1459223495000,2016-03-29-11-51-35am,gps,1.33062453,103.94818964,6.0,36.0,147.8,4.8200417
2016-03-29-11-51-49am,1459223509658,1459223509183,2016-03-29-11-51-49am,network,1.3298352,103.9488108,41.103,-1.0,-1.0,-1.0
2016-03-29-11-52-04am,1459223524428,1459223525000,2016-03-29-11-52-05am,gps,1.32875615,103.94963196,12.0,22.0,-1.0,0.0
2016-03-29-11-52-09am,1459223529642,1459223529160,2016-03-29-11-52-09am,network,1.3286469,103.9498442,64.15,-1.0,-1.0,-1.0
2016-03-29-11-52-23am,1459223543540,1459223544000,2016-03-29-11-52-24am,gps,1.32872871,103.94966249,7.0,18.0,-1.0,0.0
2016-03-29-11-52-29am,1459223549786,1459223549317,2016-03-29-11-52-29am,network,1.3283851,103.9499512,30.028,-1.0,-1.0,-1.0
2016-03-29-11-52-43am,1459223563446,1459223564000,2016-03-29-11-52-44am,gps,1.32870839,103.94964221,7.0,22.0,-1.0,0.0
2016-03-29-11-52-52am,1459223572959,1459223572902,2016-03-29-11-52-52am,network,1.3285857,103.9498799,39.0,-1.0,-1.0,-1.0
2016-03-29-11-53-04am,1459223584377,1459223585000,2016-03-29-11-53-05am,gps,1.32871206,103.94963334,15.0,23.0,-1.0,0.0
2016-03-29-11-53-14am,1459223594359,1459223595000,2016-03-29-11-53-15am,gps,1.32871617,103.94963093,14.0,24.0,-1.0,0.0
2016-03-29-11-53-24am,1459223604387,1459223605000,2016-03-29-11-53-25am,gps,1.32837076,103.94975014,19.0,27.0,149.7,14.150226
2016-03-29-11-53-34am,1459223614359,1459223615000,2016-03-29-11-53-35am,gps,1.32706715,103.95088896,5.0,17.0,143.1,16.210443
2016-03-29-11-53-44am,1459223624373,1459223625000,2016-03-29-11-53-45am,gps,1.32588387,103.95153973,13.0,27.0,144.5,15.620051
2016-03-29-11-53-55am,1459223635356,1459223636000,2016-03-29-11-53-56am,gps,1.32453038,103.95257971,18.0,23.0,142.3,17.16245
2016-03-29-11-54-05am,1459223645418,1459223646000,2016-03-29-11-54-06am,gps,1.32341016,103.95362091,18.0,14.0,142.6,17.06066
2016-03-29-11-54-24am,1459223664357,1459223665000,2016-03-29-11-54-25am,gps,1.32127511,103.95568404,16.0,9.0,140.5,16.480366
2016-03-29-11-54-35am,1459223675358,1459223676000,2016-03-29-11-54-36am,gps,1.3198883,103.95563949,17.0,12.0,209.8,14.870407
2016-03-29-11-54-46am,1459223686727,1459223686320,2016-03-29-11-54-46am,network,1.3192861,103.9537979,40.5,-1.0,-1.0,-1.0
2016-03-29-11-54-55am,1459223695422,1459223696000,2016-03-29-11-54-56am,gps,1.31865144,103.95287895,9.0,30.0,246.2,13.1720085
2016-03-29-11-55-06am,1459223706772,1459223706383,2016-03-29-11-55-06am,network,1.3186194,103.9518654,57.198,-1.0,-1.0,-1.0
2016-03-29-11-55-14am,1459223714371,1459223715000,2016-03-29-11-55-15am,gps,1.31812248,103.95035216,17.0,26.0,254.4,17.740551
2016-03-29-11-55-25am,1459223725401,1459223726000,2016-03-29-11-55-26am,gps,1.31767081,103.94904777,12.0,25.0,245.7,11.041468
2016-03-29-11-55-44am,1459223744346,1459223745000,2016-03-29-11-55-45am,gps,1.31676194,103.94667975,10.0,26.0,254.2,15.80081
2016-03-29-11-55-54am,1459223754345,1459223755000,2016-03-29-11-55-55am,gps,1.31656644,103.94579752,14.0,20.0,255.6,6.300508
2016-03-29-11-56-06am,1459223766376,1459223767000,2016-03-29-11-56-07am,gps,1.316476,103.94544225,17.0,21.0,255.6,0.552268
2016-03-29-11-56-24am,1459223784371,1459223785000,2016-03-29-11-56-25am,gps,1.31609136,103.94437358,13.0,17.0,245.8,14.070173
2016-03-29-11-56-34am,1459223794388,1459223795000,2016-03-29-11-56-35am,gps,1.31547525,103.94315152,13.0,44.0,251.6,15.390832
2016-03-29-11-56-44am,1459223804371,1459223805000,2016-03-29-11-56-45am,gps,1.31509942,103.94168814,11.0,53.0,255.8,16.514145
2016-03-29-11-56-54am,1459223814411,1459223815000,2016-03-29-11-56-55am,gps,1.31491672,103.94081898,15.0,23.0,260.6,4.8365693
2016-03-29-11-57-04am,1459223824379,1459223825000,2016-03-29-11-57-05am,gps,1.31490396,103.94065768,12.0,-5.0,-1.0,0.0
2016-03-29-11-57-14am,1459223834347,1459223835000,2016-03-29-11-57-15am,gps,1.31487409,103.94065737,10.0,3.0,-1.0,0.0
2016-03-29-11-57-25am,1459223845384,1459223846000,2016-03-29-11-57-26am,gps,1.31490185,103.94069241,10.0,0.0,262.2,3.62
2016-03-29-11-57-44am,1459223864347,1459223865000,2016-03-29-11-57-45am,gps,1.3147798,103.93960946,10.0,28.0,267.4,2.0100996
2016-03-29-11-57-54am,1459223874389,1459223875000,2016-03-29-11-57-55am,gps,1.3147554,103.93945001,10.0,32.0,267.4,1.9557608
2016-03-29-11-58-04am,1459223884345,1459223885000,2016-03-29-11-58-05am,gps,1.31469055,103.9387821,15.0,41.0,265.9,10.370694
2016-03-29-11-58-10am,1459223890078,1459223889876,2016-03-29-11-58-09am,network,1.3152392,103.9382741,110.0,-1.0,-1.0,-1.0
2016-03-29-11-58-24am,1459223904357,1459223905000,2016-03-29-11-58-25am,gps,1.31454322,103.93672623,11.0,43.0,262.9,11.200643
2016-03-29-11-58-30am,1459223910053,1459223909893,2016-03-29-11-58-29am,network,1.3142796,103.9362128,30.0,-1.0,-1.0,-1.0
2016-03-29-11-58-45am,1459223925368,1459223926000,2016-03-29-11-58-46am,gps,1.31420327,103.93471423,14.0,49.0,261.6,11.210112
2016-03-29-11-59-04am,1459223944345,1459223945000,2016-03-29-11-59-05am,gps,1.31382767,103.93395483,13.0,27.0,-1.0,0.0
2016-03-29-11-59-10am,1459223950960,1459223949970,2016-03-29-11-59-09am,network,1.3139574,103.9340084,66.037,-1.0,-1.0,-1.0
2016-03-29-11-59-24am,1459223964366,1459223965000,2016-03-29-11-59-25am,gps,1.31378496,103.93388996,14.0,22.0,198.0,3.9108183
2016-03-29-11-59-30am,1459223970056,1459223969984,2016-03-29-11-59-29am,network,1.3138874,103.9340472,36.0,-1.0,-1.0,-1.0
2016-03-29-11-59-44am,1459223984363,1459223985000,2016-03-29-11-59-45am,gps,1.31172242,103.93461885,15.0,23.0,149.5,13.543549
2016-03-29-11-59-52am,1459223992908,1459223992585,2016-03-29-11-59-52am,network,1.311095,103.9343615,60.17,-1.0,-1.0,-1.0
2016-03-29-12-00-04pm,1459224004372,1459224005000,2016-03-29-12-00-05pm,gps,1.30903099,103.93533414,7.0,33.0,164.1,11.880421
2016-03-29-12-00-14pm,1459224014350,1459224015000,2016-03-29-12-00-15pm,gps,1.30808539,103.93522399,9.0,19.0,204.0,11.117198
2016-03-29-12-00-24pm,1459224024350,1459224025000,2016-03-29-12-00-25pm,gps,1.30774483,103.93425658,11.0,19.0,283.7,10.362721
2016-03-29-12-00-34pm,1459224034391,1459224035000,2016-03-29-12-00-35pm,gps,1.30828678,103.93330516,12.0,13.0,279.4,15.37172
2016-03-29-12-00-44pm,1459224044343,1459224045000,2016-03-29-12-00-45pm,gps,1.30798417,103.93190475,13.0,-6.0,256.3,16.770048
2016-03-29-12-00-55pm,1459224055519,1459224055000,2016-03-29-12-00-55pm,gps,1.30763949,103.93045447,12.0,10.0,251.0,14.133623
2016-03-29-12-01-04pm,1459224064360,1459224065000,2016-03-29-12-01-05pm,gps,1.30714344,103.92873258,10.0,22.0,250.9,21.490673
2016-03-29-12-01-14pm,1459224074417,1459224075000,2016-03-29-12-01-15pm,gps,1.30613061,103.9267353,7.0,15.0,243.9,26.360003
2016-03-29-12-01-20pm,1459224080304,1459224079655,2016-03-29-12-01-19pm,network,1.306728,103.9262857,51.0,-1.0,-1.0,-1.0
2016-03-29-12-01-39pm,1459224099984,1459224099853,2016-03-29-12-01-39pm,network,1.3044815,103.9217152,94.416,-1.0,-1.0,-1.0
2016-03-29-12-01-54pm,1459224114368,1459224115000,2016-03-29-12-01-55pm,gps,1.30360069,103.91799447,9.0,13.0,254.9,24.071629
2016-03-29-12-02-00pm,1459224120173,1459224119905,2016-03-29-12-01-59pm,network,1.303371,103.9177607,37.5,-1.0,-1.0,-1.0
2016-03-29-12-02-14pm,1459224134370,1459224135000,2016-03-29-12-02-15pm,gps,1.30238556,103.91386505,9.0,21.0,255.8,24.470459
2016-03-29-12-02-21pm,1459224141014,1459224140941,2016-03-29-12-02-20pm,network,1.3022592,103.9135411,45.0,-1.0,-1.0,-1.0
2016-03-29-12-02-34pm,1459224154370,1459224155000,2016-03-29-12-02-35pm,gps,1.30117531,103.9095248,10.0,7.0,254.6,26.690092
2016-03-29-12-02-41pm,1459224161577,1459224160919,2016-03-29-12-02-40pm,network,1.3009775,103.9091767,108.696,-1.0,-1.0,-1.0
2016-03-29-12-02-54pm,1459224174385,1459224175000,2016-03-29-12-02-55pm,gps,1.29981582,103.90484747,10.0,1.0,251.4,27.180223
2016-03-29-12-03-01pm,1459224181264,1459224181058,2016-03-29-12-03-01pm,network,1.2993442,103.9034791,43.5,-1.0,-1.0,-1.0
2016-03-29-12-03-14pm,1459224194398,1459224195000,2016-03-29-12-03-15pm,gps,1.29808354,103.90025241,9.0,11.0,249.2,26.540049
2016-03-29-12-03-21pm,1459224201679,1459224201107,2016-03-29-12-03-21pm,network,1.2974206,103.8985934,127.71,-1.0,-1.0,-1.0
2016-03-29-12-03-34pm,1459224214386,1459224215000,2016-03-29-12-03-35pm,gps,1.29648291,103.89609187,10.0,19.0,250.1,24.430073
2016-03-29-12-03-41pm,1459224221673,1459224221094,2016-03-29-12-03-41pm,network,1.2960449,103.8948137,43.5,-1.0,-1.0,-1.0
2016-03-29-12-03-54pm,1459224234391,1459224235000,2016-03-29-12-03-55pm,gps,1.29551198,103.89195151,15.0,11.0,270.2,22.497683
2016-03-29-12-04-01pm,1459224241413,1459224241139,2016-03-29-12-04-01pm,network,1.2958215,103.8907346,154.308,-1.0,-1.0,-1.0
2016-03-29-12-04-14pm,1459224254384,1459224255000,2016-03-29-12-04-15pm,gps,1.29564108,103.88818717,13.0,19.0,270.0,20.720964
2016-03-29-12-04-21pm,1459224261398,1459224261178,2016-03-29-12-04-21pm,network,1.2956478,103.886348,73.5,-1.0,-1.0,-1.0
2016-03-29-12-04-34pm,1459224274350,1459224275000,2016-03-29-12-04-35pm,gps,1.29572651,103.88503981,11.0,25.0,267.9,15.870113
2016-03-29-12-04-41pm,1459224281929,1459224281781,2016-03-29-12-04-41pm,network,1.2959233,103.8845152,49.5,-1.0,-1.0,-1.0
2016-03-29-12-04-54pm,1459224294392,1459224295000,2016-03-29-12-04-55pm,gps,1.29559224,103.88161482,8.0,3.0,267.0,22.87014
2016-03-29-12-05-02pm,1459224302034,1459224301800,2016-03-29-12-05-01pm,network,1.2959162,103.882969,36.0,-1.0,-1.0,-1.0
2016-03-29-12-05-14pm,1459224314419,1459224315000,2016-03-29-12-05-15pm,gps,1.29528869,103.87776097,8.0,19.0,263.1,20.480087
2016-03-29-12-05-22pm,1459224322215,1459224321828,2016-03-29-12-05-21pm,network,1.3000284,103.8772112,36.0,-1.0,-1.0,-1.0
2016-03-29-12-05-41pm,1459224341516,1459224340234,2016-03-29-12-05-40pm,network,1.2972311,103.8786957,1200.0,-1.0,-1.0,-1.0
2016-03-29-12-06-01pm,1459224361694,1459224359250,2016-03-29-12-05-59pm,network,1.2972311,103.8786957,1200.0,-1.0,-1.0,-1.0
2016-03-29-12-06-22pm,1459224382556,1459224378558,2016-03-29-12-06-18pm,network,1.2972311,103.8786957,1200.0,-1.0,-1.0,-1.0
2016-03-29-12-06-42pm,1459224402574,1459224398565,2016-03-29-12-06-38pm,network,1.2954985,103.8747091,1500.0,-1.0,-1.0,-1.0
2016-03-29-12-07-02pm,1459224422609,1459224420145,2016-03-29-12-07-00pm,network,1.2716148,103.8576768,800.0,-1.0,-1.0,-1.0
2016-03-29-12-07-22pm,1459224442683,1459224438646,2016-03-29-12-07-18pm,network,1.2716148,103.8576768,800.0,-1.0,-1.0,-1.0
2016-03-29-12-07-42pm,1459224462741,1459224458745,2016-03-29-12-07-38pm,network,1.2716148,103.8576768,800.0,-1.0,-1.0,-1.0
2016-03-29-12-08-02pm,1459224482832,1459224478823,2016-03-29-12-07-58pm,network,1.2716148,103.8576768,800.0,-1.0,-1.0,-1.0
2016-03-29-12-08-24pm,1459224504165,1459224499194,2016-03-29-12-08-19pm,network,1.2716148,103.8576768,800.0,-1.0,-1.0,-1.0
2016-03-29-12-08-31pm,1459224511395,1459224512000,2016-03-29-12-08-32pm,gps,1.27022218,103.85811447,11.0,7.0,268.8,21.661682
2016-03-29-12-08-43pm,1459224523680,1459224519401,2016-03-29-12-08-39pm,network,1.2724958,103.856952,800.0,-1.0,-1.0,-1.0
2016-03-29-12-08-54pm,1459224534399,1459224535000,2016-03-29-12-08-55pm,gps,1.27257678,103.85383048,8.0,-5.0,303.2,23.54036
2016-03-29-12-09-03pm,1459224543795,1459224539267,2016-03-29-12-08-59pm,network,1.2731003,103.8533284,600.0,-1.0,-1.0,-1.0
2016-03-29-12-09-14pm,1459224554405,1459224555000,2016-03-29-12-09-15pm,gps,1.27323396,103.84974168,6.0,35.0,245.3,24.340166
2016-03-29-12-09-23pm,1459224563492,1459224563299,2016-03-29-12-09-23pm,network,1.2738702,103.8478984,33.0,-1.0,-1.0,-1.0
2016-03-29-12-09-34pm,1459224574377,1459224575000,2016-03-29-12-09-35pm,gps,1.27258335,103.84549716,10.0,21.0,274.8,25.660944
2016-03-29-12-09-43pm,1459224583590,1459224583293,2016-03-29-12-09-43pm,network,1.2729118,103.8439589,49.877,-1.0,-1.0,-1.0
2016-03-29-12-09-54pm,1459224594387,1459224595000,2016-03-29-12-09-55pm,gps,1.27250302,103.84096122,8.0,28.0,267.9,24.54001
2016-03-29-12-10-03pm,1459224603538,1459224603374,2016-03-29-12-10-03pm,network,1.2728509,103.839669,134.891,-1.0,-1.0,-1.0
2016-03-29-12-10-14pm,1459224614440,1459224615000,2016-03-29-12-10-15pm,gps,1.27235296,103.83680267,13.0,27.0,267.8,21.001259
2016-03-29-12-10-24pm,1459224624026,1459224623335,2016-03-29-12-10-23pm,network,1.2725102,103.8349944,55.5,-1.0,-1.0,-1.0
2016-03-29-12-10-34pm,1459224634405,1459224635000,2016-03-29-12-10-35pm,gps,1.27238667,103.83318026,12.0,26.0,270.6,17.655735
2016-03-29-12-10-43pm,1459224643690,1459224643407,2016-03-29-12-10-43pm,network,1.2721198,103.8332427,45.0,-1.0,-1.0,-1.0
2016-03-29-12-10-54pm,1459224654397,1459224655000,2016-03-29-12-10-55pm,gps,1.2709478,103.83077382,13.0,23.0,228.7,18.76448
2016-03-29-12-11-03pm,1459224663486,1459224662210,2016-03-29-12-11-02pm,network,1.2714651,103.8315889,500.0,-1.0,-1.0,-1.0
2016-03-29-12-11-14pm,1459224674393,1459224675000,2016-03-29-12-11-15pm,gps,1.26837653,103.82795251,8.0,29.0,225.0,22.980034
2016-03-29-12-11-23pm,1459224683788,1459224682860,2016-03-29-12-11-22pm,network,1.2673997,103.8265168,500.0,-1.0,-1.0,-1.0
2016-03-29-12-11-34pm,1459224694459,1459224695000,2016-03-29-12-11-35pm,gps,1.26590475,103.82442419,15.0,19.0,262.9,25.16105
2016-03-29-12-11-43pm,1459224703803,1459224703499,2016-03-29-12-11-43pm,network,1.2658495,103.822975,45.0,-1.0,-1.0,-1.0
2016-03-29-12-12-04pm,1459224724408,1459224725000,2016-03-29-12-12-05pm,gps,1.26690891,103.81785623,8.0,27.0,301.8,26.360373
2016-03-29-12-12-14pm,1459224734385,1459224735000,2016-03-29-12-12-15pm,gps,1.26807777,103.8158596,7.0,33.0,298.4,28.18392
2016-03-29-12-12-24pm,1459224744517,1459224743542,2016-03-29-12-12-23pm,network,1.269047,103.8141788,45.0,-1.0,-1.0,-1.0
2016-03-29-12-12-44pm,1459224764384,1459224765000,2016-03-29-12-12-45pm,gps,1.27102111,103.80923286,11.0,45.0,274.5,26.750187
2016-03-29-12-12-54pm,1459224774392,1459224775000,2016-03-29-12-12-55pm,gps,1.27154788,103.80693177,15.0,30.0,290.8,25.52
2016-03-29-12-13-04pm,1459224784142,1459224783581,2016-03-29-12-13-03pm,network,1.2720437,103.8069096,100.933,-1.0,-1.0,-1.0
2016-03-29-12-13-23pm,1459224803816,1459224803587,2016-03-29-12-13-23pm,network,1.2730969,103.8016461,45.0,-1.0,-1.0,-1.0
2016-03-29-12-13-34pm,1459224814442,1459224815000,2016-03-29-12-13-35pm,gps,1.27418239,103.79802322,7.0,27.0,289.3,26.660316
2016-03-29-12-13-44pm,1459224824408,1459224825000,2016-03-29-12-13-45pm,gps,1.27493682,103.79574441,10.0,30.0,288.5,26.73054
2016-03-29-12-13-54pm,1459224834381,1459224835000,2016-03-29-12-13-55pm,gps,1.27568052,103.79356581,17.0,36.0,288.8,26.580069
2016-03-29-12-14-04pm,1459224844683,1459224840651,2016-03-29-12-14-00pm,network,1.2775371,103.7906554,600.0,-1.0,-1.0,-1.0
2016-03-29-12-14-14pm,1459224854385,1459224855000,2016-03-29-12-14-15pm,gps,1.27722605,103.78916594,13.0,31.0,289.4,24.5301
2016-03-29-12-14-25pm,1459224865126,1459224864703,2016-03-29-12-14-24pm,network,1.2779543,103.7880645,45.0,-1.0,-1.0,-1.0
2016-03-29-12-14-33pm,1459224873438,1459224874000,2016-03-29-12-14-34pm,gps,1.27851168,103.78519258,5.0,27.0,290.1,23.881205
2016-03-29-12-14-43pm,1459224883382,1459224884000,2016-03-29-12-14-44pm,gps,1.27986702,103.78359918,8.0,17.0,325.8,23.891205
2016-03-29-12-14-54pm,1459224894383,1459224895000,2016-03-29-12-14-55pm,gps,1.28168663,103.78248166,10.0,7.0,325.8,18.440134
2016-03-29-12-15-04pm,1459224904383,1459224905000,2016-03-29-12-15-05pm,gps,1.28277381,103.78167806,10.0,1.0,321.2,13.110317
2016-03-29-12-15-14pm,1459224914379,1459224915000,2016-03-29-12-15-15pm,gps,1.28350399,103.78104918,14.0,12.0,320.4,6.3703847
2016-03-29-12-15-24pm,1459224924397,1459224925000,2016-03-29-12-15-25pm,gps,1.2834421,103.78108226,14.0,19.0,-1.0,0.0
2016-03-29-12-15-34pm,1459224934397,1459224935000,2016-03-29-12-15-35pm,gps,1.28343723,103.78111616,14.0,16.0,-1.0,0.0
2016-03-29-12-15-44pm,1459224944490,1459224945000,2016-03-29-12-15-45pm,gps,1.28353151,103.78104903,10.0,13.0,323.0,6.8414326
2016-03-29-12-15-54pm,1459224954489,1459224955000,2016-03-29-12-15-55pm,gps,1.284659,103.78017867,9.0,25.0,322.8,17.300415
2016-03-29-12-16-04pm,1459224964443,1459224965000,2016-03-29-12-16-05pm,gps,1.28594115,103.77921671,14.0,14.0,322.5,20.830406
2016-03-29-12-16-14pm,1459224974396,1459224975000,2016-03-29-12-16-15pm,gps,1.28753924,103.77724176,13.0,31.0,301.9,27.600464
2016-03-29-12-16-24pm,1459224984445,1459224985000,2016-03-29-12-16-25pm,gps,1.2885507,103.77530603,17.0,26.0,294.6,25.330872
2016-03-29-12-16-34pm,1459224994417,1459224995000,2016-03-29-12-16-35pm,gps,1.28931879,103.77316711,9.0,22.0,288.8,25.22007
2016-03-29-12-16-44pm,1459225004416,1459225005000,2016-03-29-12-16-45pm,gps,1.28997189,103.7711718,9.0,13.0,287.4,22.670881
2016-03-29-12-16-54pm,1459225014391,1459225015000,2016-03-29-12-16-55pm,gps,1.29050013,103.76944155,8.0,7.0,288.4,17.73732
2016-03-29-12-17-04pm,1459225024379,1459225025000,2016-03-29-12-17-05pm,gps,1.29097496,103.76816455,17.0,26.0,297.7,12.62048
2016-03-29-12-17-15pm,1459225035439,1459225036000,2016-03-29-12-17-16pm,gps,1.29102999,103.76764074,28.0,33.0,260.8,1.7901117
2016-03-29-12-17-25pm,1459225045409,1459225046000,2016-03-29-12-17-26pm,gps,1.29123179,103.76763222,15.0,10.0,-1.0,0.0
2016-03-29-12-17-44pm,1459225064529,1459225065000,2016-03-29-12-17-45pm,gps,1.29126045,103.76762,12.0,11.0,342.5,6.8916183
2016-03-29-12-17-54pm,1459225074552,1459225075000,2016-03-29-12-17-55pm,gps,1.29215323,103.76776796,9.0,12.0,39.3,8.0025
2016-03-29-12-18-09pm,1459225089330,1459225088895,2016-03-29-12-18-08pm,network,1.2928069,103.7682381,48.0,-1.0,-1.0,-1.0
2016-03-29-12-18-24pm,1459225104534,1459225105000,2016-03-29-12-18-25pm,gps,1.29240926,103.76794389,8.0,15.0,-1.0,0.0
2016-03-29-12-18-44pm,1459225124505,1459225125000,2016-03-29-12-18-45pm,gps,1.29241982,103.76800614,7.0,28.0,84.1,4.5113416
2016-03-29-12-18-54pm,1459225134536,1459225135000,2016-03-29-12-18-55pm,gps,1.29215715,103.76878407,9.0,29.0,108.4,9.391922
2016-03-29-12-19-04pm,1459225144517,1459225145000,2016-03-29-12-19-05pm,gps,1.29178151,103.7697026,6.0,32.0,105.1,12.242553
2016-03-29-12-19-10pm,1459225150332,1459225150003,2016-03-29-12-19-10pm,network,1.2917105,103.7700413,30.0,-1.0,-1.0,-1.0
2016-03-29-12-19-30pm,1459225170674,1459225170168,2016-03-29-12-19-30pm,network,1.2911473,103.7720566,128.236,-1.0,-1.0,-1.0
2016-03-29-12-19-44pm,1459225184453,1459225185000,2016-03-29-12-19-45pm,gps,1.29077248,103.7733603,8.0,27.0,75.3,4.662553
2016-03-29-12-19-50pm,1459225190748,1459225190212,2016-03-29-12-19-50pm,network,1.2907231,103.7733458,40.5,-1.0,-1.0,-1.0
2016-03-29-12-20-04pm,1459225204425,1459225205000,2016-03-29-12-20-05pm,gps,1.29199624,103.77390113,15.0,24.0,22.5,6.8734636
2016-03-29-12-20-10pm,1459225210617,1459225210345,2016-03-29-12-20-10pm,network,1.2920461,103.7738637,53.853,-1.0,-1.0,-1.0
2016-03-29-12-20-30pm,1459225230787,1459225230372,2016-03-29-12-20-30pm,network,1.2931525,103.7749882,25.0,-1.0,-1.0,-1.0
2016-03-29-12-20-44pm,1459225244378,1459225245000,2016-03-29-12-20-45pm,gps,1.29381968,103.77532459,11.0,38.0,12.2,0.5887274
2016-03-29-12-20-54pm,1459225254425,1459225255000,2016-03-29-12-20-55pm,gps,1.29377882,103.7752865,11.0,38.0,12.2,0.53460264
2016-03-29-12-21-04pm,1459225264454,1459225265000,2016-03-29-12-21-05pm,gps,1.29378776,103.77524886,11.0,43.0,-1.0,0.0
2016-03-29-12-21-24pm,1459225284553,1459225285000,2016-03-29-12-21-25pm,gps,1.29380817,103.77525534,12.0,41.0,325.6,2.2825422
2016-03-29-12-21-34pm,1459225294387,1459225295000,2016-03-29-12-21-35pm,gps,1.29439782,103.77506005,11.0,36.0,337.2,6.9941187
2016-03-29-12-21-44pm,1459225304437,1459225305000,2016-03-29-12-21-45pm,gps,1.29480071,103.77482275,9.0,46.0,333.8,4.5442824
2016-03-29-12-21-50pm,1459225310103,1459225309867,2016-03-29-12-21-49pm,network,1.2950107,103.7741146,84.382,-1.0,-1.0,-1.0
2016-03-29-12-22-04pm,1459225324416,1459225325000,2016-03-29-12-22-05pm,gps,1.29484598,103.77504875,19.0,37.0,134.7,0.72732383
2016-03-29-12-22-10pm,1459225330074,1459225329916,2016-03-29-12-22-09pm,network,1.2945543,103.7742071,62.759,-1.0,-1.0,-1.0
2016-03-29-12-22-24pm,1459225344395,1459225345000,2016-03-29-12-22-25pm,gps,1.29489387,103.77502221,8.0,11.0,-1.0,0.0
2016-03-29-12-22-29pm,1459225349959,1459225349923,2016-03-29-12-22-29pm,network,1.2946334,103.7741888,55.26,-1.0,-1.0,-1.0
2016-03-29-12-22-44pm,1459225364433,1459225365000,2016-03-29-12-22-45pm,gps,1.29489011,103.77501999,12.0,18.0,-1.0,0.0
2016-03-29-12-22-51pm,1459225371094,1459225371042,2016-03-29-12-22-51pm,network,1.2950943,103.7740788,56.007,-1.0,-1.0,-1.0
2016-03-29-12-23-03pm,1459225383501,1459225383464,2016-03-29-12-23-03pm,network,1.294677,103.7741899,51.455,-1.0,-1.0,-1.0
2016-03-29-12-23-15pm,1459225395513,1459225396000,2016-03-29-12-23-16pm,gps,1.29504494,103.77501926,16.0,33.0,134.7,1.1100451
2016-03-29-12-23-25pm,1459225405216,1459225405106,2016-03-29-12-23-25pm,network,1.2945898,103.7742123,59.77,-1.0,-1.0,-1.0
2016-03-29-12-23-44pm,1459225424487,1459225425000,2016-03-29-12-23-45pm,gps,1.29486617,103.77478383,15.0,23.0,69.8,1.0456098
2016-03-29-12-23-54pm,1459225434478,1459225435000,2016-03-29-12-23-55pm,gps,1.29477938,103.77466059,13.0,28.0,69.8,1.0123734
2016-03-29-12-24-04pm,1459225444513,1459225445000,2016-03-29-12-24-05pm,gps,1.29472205,103.77461475,16.0,33.0,69.8,0.910055
2016-03-29-12-24-14pm,1459225454527,1459225455000,2016-03-29-12-24-15pm,gps,1.29476301,103.77459836,8.0,21.0,69.8,0.43931764
2016-03-29-12-24-25pm,1459225465428,1459225465394,2016-03-29-12-24-25pm,network,1.2951947,103.7740417,25.0,-1.0,-1.0,-1.0
2016-03-29-12-24-34pm,1459225474522,1459225475000,2016-03-29-12-24-35pm,gps,1.29466737,103.77447279,9.0,37.0,69.8,0.5980803
2016-03-29-12-24-45pm,1459225485533,1459225485484,2016-03-29-12-24-45pm,network,1.2951988,103.7740462,20.0,-1.0,-1.0,-1.0
2016-03-29-12-24-54pm,1459225494511,1459225495000,2016-03-29-12-24-55pm,gps,1.29487316,103.77428704,11.0,40.0,69.8,0.7338937
2016-03-29-12-25-04pm,1459225504477,1459225505000,2016-03-29-12-25-05pm,gps,1.29493506,103.77419125,12.0,47.0,69.8,1.0711677
2016-03-29-12-25-14pm,1459225514449,1459225515000,2016-03-29-12-25-15pm,gps,1.29496338,103.77408383,13.0,48.0,69.8,1.0825895
2016-03-29-12-25-24pm,1459225524482,1459225525000,2016-03-29-12-25-25pm,gps,1.29499099,103.77402842,19.0,52.0,-1.0,0.0
2016-03-29-12-25-46pm,1459225546469,1459225546159,2016-03-29-12-25-46pm,network,1.2950875,103.7740587,20.0,-1.0,-1.0,-1.0
2016-03-29-12-26-00pm,1459225560397,1459225561000,2016-03-29-12-26-01pm,gps,1.29498851,103.77403545,35.0,51.0,-1.0,0.0
2016-03-29-12-26-06pm,1459225566364,1459225566315,2016-03-29-12-26-06pm,network,1.295116,103.7740489,20.0,-1.0,-1.0,-1.0
2016-03-29-12-26-27pm,1459225587568,1459225587496,2016-03-29-12-26-27pm,network,1.2950422,103.7740477,20.0,-1.0,-1.0,-1.0
2016-03-29-12-26-48pm,1459225608136,1459225607584,2016-03-29-12-26-47pm,network,1.2945368,103.7738107,20.0,-1.0,-1.0,-1.0
2016-03-29-12-27-07pm,1459225627789,1459225627741,2016-03-29-12-27-07pm,network,1.2945701,103.7737784,65.885,-1.0,-1.0,-1.0
2016-03-29-12-27-27pm,1459225647722,1459225647682,2016-03-29-12-27-27pm,network,1.2945512,103.7738204,30.0,-1.0,-1.0,-1.0
2016-03-29-12-27-48pm,1459225668449,1459225667826,2016-03-29-12-27-47pm,network,1.2945909,103.7738017,30.0,-1.0,-1.0,-1.0
2016-03-29-12-28-07pm,1459225687949,1459225687904,2016-03-29-12-28-07pm,network,1.2946083,103.7738104,30.0,-1.0,-1.0,-1.0
2016-03-29-12-28-32pm,1459225712344,1459225712283,2016-03-29-12-28-32pm,network,1.2946084,103.77382,30.0,-1.0,-1.0,-1.0
2016-03-29-12-28-53pm,1459225733408,1459225728337,2016-03-29-12-28-48pm,network,1.2951769,103.7747201,899.999,-1.0,-1.0,-1.0
2016-03-29-12-29-32pm,1459225772442,1459225772387,2016-03-29-12-29-32pm,network,1.2946082,103.7738206,30.0,-1.0,-1.0,-1.0
2016-03-29-12-29-52pm,1459225792429,1459225792386,2016-03-29-12-29-52pm,network,1.294613,103.7738291,30.0,-1.0,-1.0,-1.0
2016-03-29-12-30-12pm,1459225812644,1459225812530,2016-03-29-12-30-12pm,network,1.2946042,103.7738185,30.0,-1.0,-1.0,-1.0
2016-03-29-12-31-27pm,1459225887722,1459225887055,2016-03-29-12-31-27pm,network,1.2945993,103.7738114,30.0,-1.0,-1.0,-1.0
2016-03-29-12-31-51pm,1459225911161,1459225910989,2016-03-29-12-31-50pm,network,1.2946142,103.7738153,30.0,-1.0,-1.0,-1.0
2016-03-29-12-32-12pm,1459225932240,1459225932120,2016-03-29-12-32-12pm,network,1.2946155,103.773825,30.0,-1.0,-1.0,-1.0
2016-03-29-12-32-32pm,1459225952237,1459225952136,2016-03-29-12-32-32pm,network,1.2946059,103.7738009,30.0,-1.0,-1.0,-1.0
2016-03-29-12-32-52pm,1459225972401,1459225972299,2016-03-29-12-32-52pm,network,1.2945969,103.7738017,30.0,-1.0,-1.0,-1.0
2016-03-29-12-33-12pm,1459225992430,1459225992379,2016-03-29-12-33-12pm,network,1.2946051,103.7738393,30.0,-1.0,-1.0,-1.0
2016-03-29-12-33-32pm,1459226012511,1459226012443,2016-03-29-12-33-32pm,network,1.2946103,103.7738155,30.0,-1.0,-1.0,-1.0
2016-03-29-12-33-52pm,1459226032666,1459226032567,2016-03-29-12-33-52pm,network,1.2946096,103.7738282,30.0,-1.0,-1.0,-1.0
2016-03-29-12-34-12pm,1459226052768,1459226052703,2016-03-29-12-34-12pm,network,1.294611,103.7738053,30.0,-1.0,-1.0,-1.0
2016-03-29-12-34-32pm,1459226072807,1459226072756,2016-03-29-12-34-32pm,network,1.294607,103.7738131,30.0,-1.0,-1.0,-1.0
2016-03-29-12-34-53pm,1459226093126,1459226092870,2016-03-29-12-34-52pm,network,1.2946132,103.7738272,30.0,-1.0,-1.0,-1.0
2016-03-29-12-35-14pm,1459226114125,1459226114052,2016-03-29-12-35-14pm,network,1.2945933,103.7738252,30.0,-1.0,-1.0,-1.0
2016-03-29-12-35-34pm,1459226134095,1459226134049,2016-03-29-12-35-34pm,network,1.2946036,103.7737962,30.0,-1.0,-1.0,-1.0
2016-03-29-12-35-54pm,1459226154122,1459226154054,2016-03-29-12-35-54pm,network,1.2946015,103.7738212,30.0,-1.0,-1.0,-1.0
2016-03-29-12-36-14pm,1459226174105,1459226174055,2016-03-29-12-36-14pm,network,1.2945966,103.7738189,30.0,-1.0,-1.0,-1.0
2016-03-29-12-36-34pm,1459226194231,1459226194161,2016-03-29-12-36-34pm,network,1.2946006,103.7738227,30.0,-1.0,-1.0,-1.0
2016-03-29-12-36-55pm,1459226215189,1459226215147,2016-03-29-12-36-55pm,network,1.2945894,103.7738275,30.0,-1.0,-1.0,-1.0
2016-03-29-12-37-15pm,1459226235292,1459226235242,2016-03-29-12-37-15pm,network,1.2945995,103.7738114,30.0,-1.0,-1.0,-1.0
2016-03-29-12-37-35pm,1459226255414,1459226255352,2016-03-29-12-37-35pm,network,1.2945969,103.7738261,30.0,-1.0,-1.0,-1.0
2016-03-29-12-37-55pm,1459226275555,1459226275499,2016-03-29-12-37-55pm,network,1.2945917,103.7738182,30.0,-1.0,-1.0,-1.0
2016-03-29-12-38-16pm,1459226296702,1459226296646,2016-03-29-12-38-16pm,network,1.2946064,103.7738076,30.0,-1.0,-1.0,-1.0
2016-03-29-12-38-36pm,1459226316698,1459226316634,2016-03-29-12-38-36pm,network,1.2946033,103.7738265,30.0,-1.0,-1.0,-1.0
2016-03-29-12-38-56pm,1459226336947,1459226336826,2016-03-29-12-38-56pm,network,1.2946122,103.7738349,30.0,-1.0,-1.0,-1.0
2016-03-29-12-39-17pm,1459226357032,1459226356934,2016-03-29-12-39-16pm,network,1.2946088,103.7738134,30.0,-1.0,-1.0,-1.0
2016-03-29-12-39-37pm,1459226377028,1459226376981,2016-03-29-12-39-36pm,network,1.2946075,103.7737985,30.0,-1.0,-1.0,-1.0
2016-03-29-12-39-57pm,1459226397138,1459226397060,2016-03-29-12-39-57pm,network,1.2945866,103.7738341,30.0,-1.0,-1.0,-1.0
2016-03-29-12-40-17pm,1459226417200,1459226417145,2016-03-29-12-40-17pm,network,1.2945935,103.7738216,30.0,-1.0,-1.0,-1.0
2016-03-29-12-40-37pm,1459226437344,1459226437254,2016-03-29-12-40-37pm,network,1.2946057,103.7738127,30.0,-1.0,-1.0,-1.0
2016-03-29-12-40-57pm,1459226457413,1459226457353,2016-03-29-12-40-57pm,network,1.2946126,103.7738151,30.0,-1.0,-1.0,-1.0
2016-03-29-12-41-17pm,1459226477637,1459226477536,2016-03-29-12-41-17pm,network,1.2946085,103.7738381,30.0,-1.0,-1.0,-1.0
2016-03-29-12-41-37pm,1459226497693,1459226497639,2016-03-29-12-41-37pm,network,1.2946179,103.7738046,30.0,-1.0,-1.0,-1.0
2016-03-29-12-42-00pm,1459226520241,1459226520097,2016-03-29-12-42-00pm,network,1.2946078,103.7738223,30.0,-1.0,-1.0,-1.0
2016-03-29-12-42-20pm,1459226540447,1459226540355,2016-03-29-12-42-20pm,network,1.2946064,103.7738188,30.0,-1.0,-1.0,-1.0
2016-03-29-12-42-40pm,1459226560367,1459226560295,2016-03-29-12-42-40pm,network,1.2946077,103.7738331,30.0,-1.0,-1.0,-1.0
2016-03-29-12-43-00pm,1459226580353,1459226580314,2016-03-29-12-43-00pm,network,1.2946038,103.7738145,30.0,-1.0,-1.0,-1.0
2016-03-29-12-43-20pm,1459226600673,1459226600525,2016-03-29-12-43-20pm,network,1.2946064,103.7738225,30.0,-1.0,-1.0,-1.0
2016-03-29-12-43-40pm,1459226620520,1459226620462,2016-03-29-12-43-40pm,network,1.2946013,103.7738042,30.0,-1.0,-1.0,-1.0
2016-03-29-12-44-00pm,1459226640581,1459226640513,2016-03-29-12-44-00pm,network,1.2946232,103.7738393,30.0,-1.0,-1.0,-1.0
2016-03-29-12-44-20pm,1459226660672,1459226660585,2016-03-29-12-44-20pm,network,1.2946096,103.7738145,30.0,-1.0,-1.0,-1.0
2016-03-29-12-44-40pm,1459226680670,1459226680529,2016-03-29-12-44-40pm,network,1.2946028,103.7738359,30.0,-1.0,-1.0,-1.0
2016-03-29-12-45-00pm,1459226700772,1459226700720,2016-03-29-12-45-00pm,network,1.2945995,103.7737929,30.0,-1.0,-1.0,-1.0
2016-03-29-12-45-20pm,1459226720765,1459226720702,2016-03-29-12-45-20pm,network,1.2946153,103.7738121,30.0,-1.0,-1.0,-1.0
2016-03-29-12-45-40pm,1459226740790,1459226740723,2016-03-29-12-45-40pm,network,1.2945948,103.7738185,30.0,-1.0,-1.0,-1.0
2016-03-29-12-46-00pm,1459226760825,1459226760777,2016-03-29-12-46-00pm,network,1.2946021,103.7738288,30.0,-1.0,-1.0,-1.0
2016-03-29-12-46-20pm,1459226780975,1459226780876,2016-03-29-12-46-20pm,network,1.2945893,103.7738292,30.0,-1.0,-1.0,-1.0
2016-03-29-12-46-40pm,1459226800967,1459226800827,2016-03-29-12-46-40pm,network,1.2946091,103.7737987,30.0,-1.0,-1.0,-1.0
2016-03-29-12-47-00pm,1459226820963,1459226820916,2016-03-29-12-47-00pm,network,1.2946077,103.7738017,30.0,-1.0,-1.0,-1.0
2016-03-29-12-47-20pm,1459226840985,1459226840903,2016-03-29-12-47-20pm,network,1.2945991,103.7737776,30.0,-1.0,-1.0,-1.0
2016-03-29-12-47-40pm,1459226860944,1459226860902,2016-03-29-12-47-40pm,network,1.2945928,103.7738072,30.0,-1.0,-1.0,-1.0
2016-03-29-12-48-00pm,1459226880949,1459226880910,2016-03-29-12-48-00pm,network,1.2945997,103.7738248,30.0,-1.0,-1.0,-1.0
2016-03-29-12-48-20pm,1459226900964,1459226900918,2016-03-29-12-48-20pm,network,1.2945831,103.7738039,30.0,-1.0,-1.0,-1.0
2016-03-29-12-48-42pm,1459226922908,1459226922873,2016-03-29-12-48-42pm,network,1.2946024,103.773807,30.0,-1.0,-1.0,-1.0
