2016-03-29-10-47-45am,1459219665580,8.0,3
2016-03-29-10-53-30am,1459220010190,0.0,3
2016-03-29-10-53-30am,1459220010431,8.0,3
2016-03-29-11-09-16am,1459220956131,0.0,3
2016-03-29-11-09-17am,1459220957000,8.0,3
2016-03-29-11-11-17am,1459221077997,0.0,3
2016-03-29-11-11-18am,1459221078369,8.0,3
2016-03-29-11-20-37am,1459221637063,0.0,3
2016-03-29-11-20-37am,1459221637532,8.0,3
2016-03-29-11-20-38am,1459221638091,0.0,3
2016-03-29-11-20-39am,1459221639117,8.0,3
2016-03-29-11-26-43am,1459222003869,0.0,3
2016-03-29-11-26-45am,1459222005896,8.0,3
2016-03-29-11-29-20am,1459222160153,0.0,3
2016-03-29-11-29-41am,1459222181581,8.0,3
2016-03-29-11-37-25am,1459222645049,0.0,3
2016-03-29-11-37-25am,1459222645524,8.0,3
2016-03-29-11-37-34am,1459222654770,0.0,3
2016-03-29-11-37-35am,1459222655431,8.0,3
2016-03-29-11-46-13am,1459223173862,0.0,3
2016-03-29-11-46-13am,1459223173953,8.0,3
2016-03-29-11-53-50am,1459223630213,0.0,3
2016-03-29-11-53-50am,1459223630464,8.0,3
2016-03-29-11-55-49am,1459223749827,0.0,3
2016-03-29-11-55-50am,1459223750182,8.0,3
2016-03-29-11-55-58am,1459223758398,0.0,3
2016-03-29-11-55-59am,1459223759584,8.0,3
2016-03-29-11-57-10am,1459223830796,0.0,3
2016-03-29-11-57-12am,1459223832111,8.0,3
2016-03-29-11-57-12am,1459223832246,0.0,3
2016-03-29-11-57-17am,1459223837152,8.0,3
2016-03-29-12-03-46pm,1459224226146,0.0,3
2016-03-29-12-03-46pm,1459224226404,8.0,3
2016-03-29-12-22-00pm,1459225320237,0.0,3
2016-03-29-12-22-00pm,1459225320491,8.0,3
2016-03-29-12-29-11pm,1459225751920,0.0,3
2016-03-29-12-29-12pm,1459225752349,8.0,3
2016-03-29-12-46-44pm,1459226804681,0.0,3
2016-03-29-12-46-45pm,1459226805082,8.0,3
2016-03-29-12-48-34pm,1459226914716,0.0,3
2016-03-29-12-48-34pm,1459226914973,8.0,3
