2016-03-27-4-27-04PM,1459067224117,1459067221022,2016-03-27-4-27-01PM,network,1.2906773,103.7802864,79.785,-1.0,-1.0,-1.0
2016-03-27-4-27-23PM,1459067243856,1459067244595,2016-03-27-4-27-24PM,gps,1.2901615351236355,103.77959622729588,200.0,38.32794813792877,63.14389,3.0703144
2016-03-27-4-27-34PM,1459067254267,1459067255000,2016-03-27-4-27-35PM,gps,1.290876512077828,103.78014558547963,8.0,120.88337590209372,-1.0,0.0
2016-03-27-4-27-44PM,1459067264322,1459067265000,2016-03-27-4-27-45PM,gps,1.290920285777137,103.78031366972853,12.0,88.85930404598722,-1.0,0.0
2016-03-27-4-27-54PM,1459067274319,1459067275000,2016-03-27-4-27-55PM,gps,1.2908554432182455,103.78038304811167,16.0,57.96352224875635,-1.0,0.0
2016-03-27-4-28-04PM,1459067284374,1459067285000,2016-03-27-4-28-05PM,gps,1.2907548974484007,103.78041964933774,16.0,46.36533258533206,-1.0,0.6003516
2016-03-27-4-28-10PM,1459067290424,1459067285380,2016-03-27-4-28-05PM,network,1.288139,103.7776173,500.0,-1.0,-1.0,-1.0
2016-03-27-4-28-24PM,1459067304315,1459067305000,2016-03-27-4-28-25PM,gps,1.290642562980975,103.78045567724172,16.0,42.91280439602458,-1.0,0.45294797
2016-03-27-4-28-29PM,1459067309530,1459067309482,2016-03-27-4-28-29PM,network,1.2906492,103.7807327,51.991,-1.0,-1.0,-1.0
2016-03-27-4-28-44PM,1459067324337,1459067325000,2016-03-27-4-28-45PM,gps,1.2905738426057791,103.780585360298,24.0,39.58978067930982,-1.0,0.7240257
2016-03-27-4-28-53PM,1459067333140,1459067329574,2016-03-27-4-28-49PM,network,1.2905599,103.7813351,176.981,-1.0,-1.0,-1.0
2016-03-27-4-29-08PM,1459067348323,1459067349000,2016-03-27-4-29-09PM,gps,1.2908367470864028,103.78104261705866,24.0,37.053776881542134,-1.0,0.7383761
2016-03-27-4-29-18PM,1459067358324,1459067359000,2016-03-27-4-29-19PM,gps,1.2908820055551957,103.78112921350662,16.0,35.406145740189295,-1.0,0.35545316
2016-03-27-4-29-28PM,1459067368314,1459067369000,2016-03-27-4-29-29PM,gps,1.2909526346853741,103.7811883919802,16.0,33.62394843578967,-1.0,1.2604005
2016-03-27-4-29-38PM,1459067378311,1459067379000,2016-03-27-4-29-39PM,gps,1.2910534134501181,103.78131196287593,16.0,33.986084066950255,82.44158,1.150898
2016-03-27-4-29-48PM,1459067388332,1459067389000,2016-03-27-4-29-49PM,gps,1.2911004614232156,103.78143391388565,24.0,34.99464910723005,49.778095,1.2923656
2016-03-27-4-29-58PM,1459067398310,1459067399000,2016-03-27-4-29-59PM,gps,1.2911656399762428,103.78151856801418,12.0,37.51428306814215,42.828827,1.1698802
2016-03-27-4-30-08PM,1459067408314,1459067409000,2016-03-27-4-30-09PM,gps,1.2912020107531061,103.78160819194363,16.0,39.27705229646057,77.42583,1.1207923
2016-03-27-4-30-18PM,1459067418315,1459067419000,2016-03-27-4-30-19PM,gps,1.2912449091658063,103.78172138877551,16.0,42.270293614083194,67.52728,1.2333952
2016-03-27-4-30-28PM,1459067428322,1459067429000,2016-03-27-4-30-29PM,gps,1.2912684197917188,103.7818160969211,16.0,43.901388907283085,76.198715,1.1470342
2016-03-27-4-30-38PM,1459067438302,1459067439000,2016-03-27-4-30-39PM,gps,1.2913164173884764,103.7819192651073,16.0,45.62677557719602,83.08404,1.1138701
2016-03-27-4-30-46PM,1459067446677,1459067446522,2016-03-27-4-30-46PM,network,1.2917817,103.7826803,588.0,-1.0,-1.0,-1.0
2016-03-27-4-30-58PM,1459067458302,1459067459000,2016-03-27-4-30-59PM,gps,1.291466151241181,103.78211794475655,16.0,47.47639978142955,41.159138,1.4531999
2016-03-27-4-31-08PM,1459067468301,1459067469000,2016-03-27-4-31-09PM,gps,1.2915189861519822,103.78220111334122,16.0,46.97619070913716,74.985794,1.2209772
2016-03-27-4-31-18PM,1459067478302,1459067479000,2016-03-27-4-31-19PM,gps,1.2915564643890898,103.7822785930693,16.0,46.841610901707746,35.456753,1.1729577
2016-03-27-4-31-28PM,1459067488302,1459067489000,2016-03-27-4-31-29PM,gps,1.2916005599663873,103.78235790387066,24.0,47.54904706342855,58.422913,1.1483806
2016-03-27-4-31-38PM,1459067498304,1459067499000,2016-03-27-4-31-39PM,gps,1.2916526936229724,103.78242360968467,16.0,48.23205072472887,43.425682,0.0027743238
2016-03-27-4-31-48PM,1459067508304,1459067509000,2016-03-27-4-31-49PM,gps,1.2917045656029194,103.78250804554817,16.0,47.90037778855073,33.274788,1.1886675
2016-03-27-4-31-58PM,1459067518301,1459067519000,2016-03-27-4-31-59PM,gps,1.291736341174059,103.78262636730481,16.0,48.40994300503923,63.342327,1.0536319
2016-03-27-4-32-08PM,1459067528298,1459067529000,2016-03-27-4-32-09PM,gps,1.2917651223110964,103.78267331412573,24.0,50.793395358349905,31.004097,0.6173417
2016-03-27-4-32-18PM,1459067538302,1459067539000,2016-03-27-4-32-19PM,gps,1.2917864749535999,103.78275906726975,12.0,52.68032568088966,61.43139,0.94112676
2016-03-27-4-32-28PM,1459067548308,1459067549000,2016-03-27-4-32-29PM,gps,1.2918314517976752,103.78285557128027,16.0,52.73505158094488,66.89863,0.9910866
2016-03-27-4-32-38PM,1459067558296,1459067559000,2016-03-27-4-32-39PM,gps,1.2918660388562262,103.78294331416117,8.0,54.588428983398835,59.484226,0.9139871
2016-03-27-4-32-48PM,1459067568062,1459067562932,2016-03-27-4-32-42PM,network,1.291808,103.7834772,82.533,-1.0,-1.0,-1.0
2016-03-27-4-32-58PM,1459067578305,1459067579000,2016-03-27-4-32-59PM,gps,1.2918894192205137,103.78313245228046,8.0,55.49477708924683,66.57191,0.7574312
2016-03-27-4-33-07PM,1459067587953,1459067582886,2016-03-27-4-33-02PM,network,1.29183,103.7835053,24.093,-1.0,-1.0,-1.0
2016-03-27-4-33-18PM,1459067598312,1459067599000,2016-03-27-4-33-19PM,gps,1.2917586374760222,103.7832771362279,12.0,56.56201400181106,136.536,0.9785734
2016-03-27-4-33-27PM,1459067607804,1459067602874,2016-03-27-4-33-22PM,network,1.2918246,103.7835151,30.0,-1.0,-1.0,-1.0
2016-03-27-4-33-38PM,1459067618324,1459067619000,2016-03-27-4-33-39PM,gps,1.2916730935794918,103.78336034045594,8.0,60.0939741861521,149.85751,0.0
2016-03-27-4-33-48PM,1459067628308,1459067629000,2016-03-27-4-33-49PM,gps,1.2916730935794918,103.78336034045594,12.0,60.06785589212552,149.85751,0.0
2016-03-27-4-33-58PM,1459067638307,1459067639000,2016-03-27-4-33-59PM,gps,1.2916730935794918,103.78336034045594,12.0,60.0673385603502,149.85751,0.0
2016-03-27-4-34-08PM,1459067648314,1459067649000,2016-03-27-4-34-09PM,gps,1.2916730935794918,103.78336034045594,8.0,60.21342031081931,149.85751,0.0
2016-03-27-4-34-18PM,1459067658312,1459067659000,2016-03-27-4-34-19PM,gps,1.2916730935794918,103.78336034045594,8.0,60.2173112831116,149.85751,0.0
2016-03-27-4-34-28PM,1459067668328,1459067669000,2016-03-27-4-34-29PM,gps,1.2916730935794918,103.78336034045594,12.0,60.16371396851687,149.85751,0.0
2016-03-27-4-34-38PM,1459067678311,1459067679000,2016-03-27-4-34-39PM,gps,1.2916730935794918,103.78336034045594,8.0,60.34319715125025,149.85751,0.0
2016-03-27-4-34-48PM,1459067688319,1459067689000,2016-03-27-4-34-49PM,gps,1.2916730935794918,103.78336034045594,8.0,60.58900047943166,149.85751,0.0
2016-03-27-4-34-58PM,1459067698313,1459067699000,2016-03-27-4-34-59PM,gps,1.2917639137808592,103.78345682547055,6.0,62.78370836490162,46.149155,1.2772142
2016-03-27-4-35-08PM,1459067708306,1459067709000,2016-03-27-4-35-09PM,gps,1.2918171889468204,103.78352553861318,8.0,62.315215863313554,45.098553,1.1971685
2016-03-27-4-35-18PM,1459067718311,1459067719000,2016-03-27-4-35-19PM,gps,1.2918952998182254,103.783596009591,16.0,62.51269756905153,37.878536,1.2219102
2016-03-27-4-35-28PM,1459067728324,1459067728999,2016-03-27-4-35-28PM,gps,1.2919418566369072,103.78365688266743,16.0,64.3829517970392,57.486336,0.7843513
2016-03-27-4-35-38PM,1459067738308,1459067738999,2016-03-27-4-35-38PM,gps,1.292041972883443,103.78385688665222,12.0,67.11485449317594,46.151863,0.98013085
2016-03-27-4-35-48PM,1459067748319,1459067748999,2016-03-27-4-35-48PM,gps,1.2921123807046957,103.78390519103542,8.0,67.36476758146802,49.26129,1.0727795
2016-03-27-4-35-58PM,1459067758333,1459067758999,2016-03-27-4-35-58PM,gps,1.2921879431468817,103.78395975745444,8.0,67.23148983267902,53.70488,1.1599634
2016-03-27-4-36-08PM,1459067768307,1459067768999,2016-03-27-4-36-08PM,gps,1.2922775484877924,103.78401378116467,16.0,68.22476102550047,45.077637,1.1817709
2016-03-27-4-36-18PM,1459067778311,1459067778999,2016-03-27-4-36-18PM,gps,1.2923658257993833,103.78409407735586,12.0,68.47874718849438,43.022663,0.705043
2016-03-27-4-36-28PM,1459067788321,1459067788999,2016-03-27-4-36-28PM,gps,1.292416508050731,103.78419666957242,8.0,67.42357023989176,46.603523,0.99412304
2016-03-27-4-36-38PM,1459067798336,1459067798999,2016-03-27-4-36-38PM,gps,1.292479810542852,103.78427212177539,8.0,65.86580550168313,31.70563,1.0791609
2016-03-27-4-36-48PM,1459067808310,1459067808999,2016-03-27-4-36-48PM,gps,1.2925394060745419,103.78433437934477,6.0,64.98441128292745,33.396355,1.0714874
2016-03-27-4-36-58PM,1459067818314,1459067818999,2016-03-27-4-36-58PM,gps,1.2925628838849441,103.78439184874648,12.0,63.809419180085186,74.56449,1.0799572
2016-03-27-4-37-08PM,1459067828307,1459067828999,2016-03-27-4-37-08PM,gps,1.2926420553499547,103.78446826189185,8.0,62.909950560721754,31.166512,1.0779898
2016-03-27-4-37-18PM,1459067838306,1459067838999,2016-03-27-4-37-18PM,gps,1.2927475304196259,103.78456784753894,6.0,62.08384032131298,54.297764,1.0073211
2016-03-27-4-37-28PM,1459067848309,1459067848999,2016-03-27-4-37-28PM,gps,1.2928766801361875,103.78463482403102,12.0,62.1564631971983,17.78848,0.7379008
2016-03-27-4-37-38PM,1459067858315,1459067858999,2016-03-27-4-37-38PM,gps,1.2930084798523687,103.78476503839906,12.0,63.4288227749748,43.20502,0.89499176
2016-03-27-4-37-48PM,1459067868305,1459067868999,2016-03-27-4-37-48PM,gps,1.2930712393524149,103.78486973368707,12.0,63.692153835012505,49.810898,0.9469202
2016-03-27-4-37-58PM,1459067878309,1459067878999,2016-03-27-4-37-58PM,gps,1.2931349152117306,103.78492085857044,12.0,64.2372654642856,59.42408,0.6483752
2016-03-27-4-38-08PM,1459067888322,1459067888999,2016-03-27-4-38-08PM,gps,1.2932028307460588,103.78499066874113,16.0,63.89551409835323,49.048973,0.9418094
2016-03-27-4-38-18PM,1459067898318,1459067898999,2016-03-27-4-38-18PM,gps,1.2932859016047924,103.7850253430761,8.0,61.943363165176024,10.204838,0.76123303
2016-03-27-4-38-28PM,1459067908312,1459067908999,2016-03-27-4-38-28PM,gps,1.2934075331973507,103.7850198131172,8.0,58.90327700608272,351.37997,0.9768007
2016-03-27-4-38-38PM,1459067918333,1459067918999,2016-03-27-4-38-38PM,gps,1.2934810924261568,103.78495624716257,8.0,56.439442101755425,334.34402,1.0693158
2016-03-27-4-38-48PM,1459067928312,1459067928999,2016-03-27-4-38-48PM,gps,1.2936083440247712,103.78491151948646,8.0,54.019780796465064,355.65576,1.226707
2016-03-27-4-38-54PM,1459067934131,1459067933898,2016-03-27-4-38-53PM,network,1.2940095,103.7849825,43.5,-1.0,-1.0,-1.0
2016-03-27-4-39-08PM,1459067948315,1459067948999,2016-03-27-4-39-08PM,gps,1.2938360979187506,103.78486651993916,8.0,50.592817439996175,6.016877,1.1477557
2016-03-27-4-39-18PM,1459067958316,1459067958999,2016-03-27-4-39-18PM,gps,1.2939663549767957,103.78484981054827,8.0,49.62956064667813,338.5906,1.0738173
2016-03-27-4-39-28PM,1459067968315,1459067968999,2016-03-27-4-39-28PM,gps,1.2940748180867276,103.78485164883263,8.0,49.09623428816086,1.7026491,0.70156413
2016-03-27-4-39-38PM,1459067978308,1459067978999,2016-03-27-4-39-38PM,gps,1.2941448473213168,103.78485018964771,6.0,47.70504733077797,11.18617,0.7764566
2016-03-27-4-39-48PM,1459067988322,1459067988999,2016-03-27-4-39-48PM,gps,1.2941643299410206,103.78473536066159,6.0,47.29026089206418,258.1724,0.99596244
2016-03-27-4-39-54PM,1459067994374,1459067994001,2016-03-27-4-39-54PM,network,1.2944822,103.7844506,74.449,-1.0,-1.0,-1.0
2016-03-27-4-40-08PM,1459068008309,1459068008999,2016-03-27-4-40-08PM,gps,1.2942476592557848,103.78472116928194,8.0,47.7477054789392,43.54314,0.93520457
2016-03-27-4-40-18PM,1459068018313,1459068018999,2016-03-27-4-40-18PM,gps,1.2943794462108364,103.78474525946734,8.0,47.45084554765192,325.7517,1.0044224
2016-03-27-4-40-28PM,1459068028313,1459068028999,2016-03-27-4-40-28PM,gps,1.2944556332163133,103.78468061818457,12.0,47.13087058476109,336.7897,1.0590057
2016-03-27-4-40-35PM,1459068035107,1459068030046,2016-03-27-4-40-30PM,network,1.2939423,103.7863093,500.0,-1.0,-1.0,-1.0
2016-03-27-4-40-48PM,1459068048310,1459068048999,2016-03-27-4-40-48PM,gps,1.2946449768897674,103.78447554930992,6.0,44.66729774850872,305.86728,0.7902671
2016-03-27-4-40-55PM,1459068055148,1459068050129,2016-03-27-4-40-50PM,network,1.2939423,103.7863093,500.0,-1.0,-1.0,-1.0
2016-03-27-4-41-06PM,1459068066304,1459068065908,2016-03-27-4-41-05PM,network,1.2946775,103.7842135,43.382,-1.0,-1.0,-1.0
2016-03-27-4-41-18PM,1459068078304,1459068078999,2016-03-27-4-41-18PM,gps,1.294578358287082,103.78445781584959,24.0,41.14164353818252,136.81256,1.0649484
2016-03-27-4-41-28PM,1459068088304,1459068088999,2016-03-27-4-41-28PM,gps,1.2944726343733945,103.7846293733963,16.0,35.89432293611425,117.463165,1.7959238
2016-03-27-4-41-38PM,1459068098303,1459068098999,2016-03-27-4-41-38PM,gps,1.2944364844757077,103.78465036926468,48.0,36.196002579940384,106.00489,0.73855406
2016-03-27-4-41-48PM,1459068108091,1459068108001,2016-03-27-4-41-48PM,network,1.2946971,103.7842185,30.0,-1.0,-1.0,-1.0
2016-03-27-4-41-53PM,1459068113330,1459068113999,2016-03-27-4-41-53PM,gps,1.294333217943747,103.78454446361467,24.0,39.27576481231648,331.99298,0.0
2016-03-27-4-42-08PM,1459068128049,1459068127981,2016-03-27-4-42-07PM,network,1.2946969,103.7841884,30.0,-1.0,-1.0,-1.0
2016-03-27-4-42-28PM,1459068148073,1459068148031,2016-03-27-4-42-28PM,network,1.2947181,103.7841624,30.0,-1.0,-1.0,-1.0
2016-03-27-4-42-48PM,1459068168111,1459068168073,2016-03-27-4-42-48PM,network,1.2946985,103.7841482,30.0,-1.0,-1.0,-1.0
2016-03-27-4-43-08PM,1459068188187,1459068188114,2016-03-27-4-43-08PM,network,1.2947146,103.7841573,30.0,-1.0,-1.0,-1.0
2016-03-27-4-43-45PM,1459068225952,1459068217774,2016-03-27-4-43-37PM,network,1.2944388,103.7842757,25.0,-1.0,-1.0,-1.0
2016-03-27-4-44-06PM,1459068246015,1459068229717,2016-03-27-4-43-49PM,network,1.2944408,103.7842762,22.0,-1.0,-1.0,-1.0
2016-03-27-4-44-29PM,1459068269343,1459068249731,2016-03-27-4-44-09PM,network,1.2944391,103.7842755,24.0,-1.0,-1.0,-1.0
2016-03-27-4-45-14PM,1459068314140,1459068314038,2016-03-27-4-45-14PM,network,1.294659,103.7841731,22.499,-1.0,-1.0,-1.0
2016-03-27-4-45-33PM,1459068333954,1459068333884,2016-03-27-4-45-33PM,network,1.2945926,103.7842122,45.0,-1.0,-1.0,-1.0
2016-03-27-4-46-09PM,1459068369710,1459068365315,2016-03-27-4-46-05PM,network,1.2946015,103.7841364,56.327,-1.0,-1.0,-1.0
2016-03-27-4-46-36PM,1459068396385,1459068396317,2016-03-27-4-46-36PM,network,1.2946642,103.78416,23.471,-1.0,-1.0,-1.0
2016-03-27-4-46-56PM,1459068416427,1459068416376,2016-03-27-4-46-56PM,network,1.2945522,103.7841913,64.387,-1.0,-1.0,-1.0
2016-03-27-4-47-16PM,1459068436298,1459068436265,2016-03-27-4-47-16PM,network,1.2946205,103.7841522,33.0,-1.0,-1.0,-1.0
2016-03-27-4-47-36PM,1459068456508,1459068456446,2016-03-27-4-47-36PM,network,1.2946121,103.7841688,30.0,-1.0,-1.0,-1.0
2016-03-27-4-47-56PM,1459068476449,1459068476407,2016-03-27-4-47-56PM,network,1.2946108,103.7841382,55.099,-1.0,-1.0,-1.0
2016-03-27-4-48-16PM,1459068496634,1459068496573,2016-03-27-4-48-16PM,network,1.2945998,103.7842267,39.0,-1.0,-1.0,-1.0
2016-03-27-4-48-36PM,1459068516728,1459068516671,2016-03-27-4-48-36PM,network,1.2945269,103.7842172,57.264,-1.0,-1.0,-1.0
2016-03-27-4-48-56PM,1459068536766,1459068536548,2016-03-27-4-48-56PM,network,1.2943383,103.7839154,46.0,-1.0,-1.0,-1.0
2016-03-27-4-49-12PM,1459068552385,1459068548835,2016-03-27-4-49-08PM,network,1.2943327,103.7838221,43.287,-1.0,-1.0,-1.0
2016-03-27-4-49-36PM,1459068576697,1459068576623,2016-03-27-4-49-36PM,network,1.29468,103.7841244,53.518,-1.0,-1.0,-1.0
2016-03-27-4-49-57PM,1459068597715,1459068597666,2016-03-27-4-49-57PM,network,1.2946548,103.7841606,22.676,-1.0,-1.0,-1.0
2016-03-27-4-50-18PM,1459068618279,1459068618226,2016-03-27-4-50-18PM,network,1.2946711,103.7841652,23.826,-1.0,-1.0,-1.0
2016-03-27-4-50-38PM,1459068638220,1459068638179,2016-03-27-4-50-38PM,network,1.2946147,103.7841219,50.682,-1.0,-1.0,-1.0
2016-03-27-4-50-58PM,1459068658280,1459068658239,2016-03-27-4-50-58PM,network,1.2944255,103.7841224,43.637,-1.0,-1.0,-1.0
2016-03-27-4-51-18PM,1459068678300,1459068678251,2016-03-27-4-51-18PM,network,1.2946439,103.7841246,54.055,-1.0,-1.0,-1.0
2016-03-27-4-51-38PM,1459068698488,1459068698430,2016-03-27-4-51-38PM,network,1.2946774,103.7841548,24.778,-1.0,-1.0,-1.0
2016-03-27-4-51-58PM,1459068718328,1459068718259,2016-03-27-4-51-58PM,network,1.2943967,103.7840433,38.0,-1.0,-1.0,-1.0
2016-03-27-4-52-18PM,1459068738252,1459068738211,2016-03-27-4-52-18PM,network,1.2943494,103.7838384,46.0,-1.0,-1.0,-1.0
2016-03-27-4-52-38PM,1459068758458,1459068758412,2016-03-27-4-52-38PM,network,1.2944301,103.7841601,44.729,-1.0,-1.0,-1.0
2016-03-27-4-52-59PM,1459068779404,1459068779346,2016-03-27-4-52-59PM,network,1.2946138,103.7841089,55.102,-1.0,-1.0,-1.0
2016-03-27-4-53-19PM,1459068799490,1459068799457,2016-03-27-4-53-19PM,network,1.2946679,103.7841351,56.371,-1.0,-1.0,-1.0
2016-03-27-4-53-39PM,1459068819636,1459068819602,2016-03-27-4-53-39PM,network,1.2946505,103.7841767,21.645,-1.0,-1.0,-1.0
2016-03-27-4-53-59PM,1459068839647,1459068839631,2016-03-27-4-53-59PM,network,1.2946658,103.7841716,23.128,-1.0,-1.0,-1.0
2016-03-27-4-54-37PM,1459068877336,1459068858329,2016-03-27-4-54-18PM,network,1.2943847,103.7840508,39.0,-1.0,-1.0,-1.0
2016-03-27-4-55-01PM,1459068901487,1459068901443,2016-03-27-4-55-01PM,network,1.2946273,103.7841692,20.065,-1.0,-1.0,-1.0
2016-03-27-4-55-21PM,1459068921621,1459068921577,2016-03-27-4-55-21PM,network,1.2946572,103.784122,58.702,-1.0,-1.0,-1.0
2016-03-27-4-55-41PM,1459068941721,1459068941685,2016-03-27-4-55-41PM,network,1.2946117,103.7841138,50.348,-1.0,-1.0,-1.0
2016-03-27-4-56-02PM,1459068962686,1459068962650,2016-03-27-4-56-02PM,network,1.2946505,103.7841614,22.291,-1.0,-1.0,-1.0
2016-03-27-4-56-22PM,1459068982796,1459068982761,2016-03-27-4-56-22PM,network,1.2945929,103.7841864,30.0,-1.0,-1.0,-1.0
2016-03-27-4-56-42PM,1459069002785,1459069002737,2016-03-27-4-56-42PM,network,1.294609,103.7841511,30.0,-1.0,-1.0,-1.0
2016-03-27-4-57-02PM,1459069022891,1459069022840,2016-03-27-4-57-02PM,network,1.294694,103.7841484,26.416,-1.0,-1.0,-1.0
2016-03-27-4-57-22PM,1459069042759,1459069042723,2016-03-27-4-57-22PM,network,1.2946872,103.7841501,25.784,-1.0,-1.0,-1.0
2016-03-27-4-57-42PM,1459069062908,1459069062836,2016-03-27-4-57-42PM,network,1.2946455,103.7841764,21.24,-1.0,-1.0,-1.0
2016-03-27-4-58-03PM,1459069083026,1459069082983,2016-03-27-4-58-02PM,network,1.294609,103.7841367,51.559,-1.0,-1.0,-1.0
2016-03-27-4-58-23PM,1459069103072,1459069102960,2016-03-27-4-58-22PM,network,1.2946483,103.7841678,21.832,-1.0,-1.0,-1.0
2016-03-27-4-58-44PM,1459069124674,1459069124633,2016-03-27-4-58-44PM,network,1.2943808,103.7839724,38.0,-1.0,-1.0,-1.0
2016-03-27-4-59-06PM,1459069146190,1459069146125,2016-03-27-4-59-06PM,network,1.2946203,103.7841394,52.326,-1.0,-1.0,-1.0
2016-03-27-4-59-26PM,1459069166151,1459069166109,2016-03-27-4-59-26PM,network,1.29467,103.7841632,23.816,-1.0,-1.0,-1.0
2016-03-27-4-59-41PM,1459069181815,1459069180842,2016-03-27-4-59-40PM,network,1.2943504,103.7838349,47.0,-1.0,-1.0,-1.0
2016-03-27-5-00-26PM,1459069226292,1459069226227,2016-03-27-5-00-26PM,network,1.2945537,103.7841343,48.87,-1.0,-1.0,-1.0
2016-03-27-5-00-46PM,1459069246247,1459069246190,2016-03-27-5-00-46PM,network,1.2946544,103.7841472,23.261,-1.0,-1.0,-1.0
2016-03-27-5-01-06PM,1459069266199,1459069266158,2016-03-27-5-01-06PM,network,1.2946582,103.7841587,23.037,-1.0,-1.0,-1.0
2016-03-27-5-01-22PM,1459069282032,1459069276821,2016-03-27-5-01-16PM,network,1.2946431,103.784118,51.864,-1.0,-1.0,-1.0
2016-03-27-5-02-06PM,1459069326257,1459069326215,2016-03-27-5-02-06PM,network,1.2946388,103.7841554,21.633,-1.0,-1.0,-1.0
2016-03-27-5-02-26PM,1459069346985,1459069346912,2016-03-27-5-02-26PM,network,1.294655,103.7841679,22.379,-1.0,-1.0,-1.0
2016-03-27-5-02-47PM,1459069367229,1459069367118,2016-03-27-5-02-47PM,network,1.2946554,103.784149,23.255,-1.0,-1.0,-1.0
2016-03-27-5-03-07PM,1459069387046,1459069387005,2016-03-27-5-03-07PM,network,1.2946464,103.7841292,58.513,-1.0,-1.0,-1.0
2016-03-27-5-03-26PM,1459069406955,1459069406919,2016-03-27-5-03-26PM,network,1.2945773,103.7841465,51.068,-1.0,-1.0,-1.0
2016-03-27-5-03-47PM,1459069427140,1459069427008,2016-03-27-5-03-47PM,network,1.2943109,103.7839855,33.0,-1.0,-1.0,-1.0
2016-03-27-5-04-07PM,1459069447002,1459069446964,2016-03-27-5-04-06PM,network,1.2946466,103.7841299,42.942,-1.0,-1.0,-1.0
2016-03-27-5-04-25PM,1459069465966,1459069465998,2016-03-27-5-04-25PM,gps,1.294214936422054,103.78454143655416,48.0,27.226560984601235,149.42018,0.9012657
2016-03-27-5-04-41PM,1459069481957,1459069482000,2016-03-27-5-04-42PM,gps,1.294249668199936,103.78435705560135,32.0,29.45122073895089,129.06126,0.3991669
2016-03-27-5-04-47PM,1459069487251,1459069487207,2016-03-27-5-04-47PM,network,1.294677,103.7841779,30.0,-1.0,-1.0,-1.0
2016-03-27-5-05-02PM,1459069502947,1459069503000,2016-03-27-5-05-03PM,gps,1.2942388743086668,103.78445394849463,24.0,30.30856660747635,103.319336,0.0
2016-03-27-5-05-23PM,1459069523046,1459069513626,2016-03-27-5-05-13PM,network,1.2946764,103.7842251,22.463,-1.0,-1.0,-1.0
2016-03-27-5-06-03PM,1459069563054,1459069562729,2016-03-27-5-06-02PM,network,1.2945295,103.7859471,500.0,-1.0,-1.0,-1.0
2016-03-27-5-06-24PM,1459069584992,1459069584698,2016-03-27-5-06-24PM,network,1.2945295,103.7859471,500.0,-1.0,-1.0,-1.0
2016-03-27-5-06-42PM,1459069602858,1459069603000,2016-03-27-5-06-43PM,gps,1.295119653447782,103.78463596988612,24.0,24.01514286486676,103.319336,0.0
2016-03-27-5-06-52PM,1459069612757,1459069613000,2016-03-27-5-06-53PM,gps,1.2950492998773093,103.78457598373971,8.0,23.8313113298299,103.319336,0.0015207827
2016-03-27-5-07-02PM,1459069622749,1459069623000,2016-03-27-5-07-03PM,gps,1.2950317785323613,103.78457794450998,24.0,23.82615261808502,103.319336,0.0
2016-03-27-5-07-08PM,1459069628422,1459069628388,2016-03-27-5-07-08PM,network,1.2947012,103.7842498,36.0,-1.0,-1.0,-1.0
2016-03-27-5-07-22PM,1459069642751,1459069643000,2016-03-27-5-07-23PM,gps,1.294949791799679,103.7846260757987,24.0,24.450246704944355,103.319336,0.0
2016-03-27-5-07-33PM,1459069653469,1459069653000,2016-03-27-5-07-33PM,gps,1.2949522062918442,103.78510259242337,32.0,8.233880241446379,98.36766,9.313899
2016-03-27-5-07-42PM,1459069662745,1459069663000,2016-03-27-5-07-43PM,gps,1.2950222361358028,103.78657574885587,32.0,-23.3277344579126,88.87407,15.8813
2016-03-27-5-07-53PM,1459069673749,1459069674000,2016-03-27-5-07-54PM,gps,1.2950811185333382,103.78717899348335,48.0,-55.65848431728052,85.79173,17.57935
2016-03-27-5-08-03PM,1459069683748,1459069684000,2016-03-27-5-08-04PM,gps,1.295090127084373,103.78664993965472,16.0,-40.234201577271314,48.973568,0.002752629
2016-03-27-5-08-08PM,1459069688850,1459069688700,2016-03-27-5-08-08PM,network,1.2946575,103.7842376,37.5,-1.0,-1.0,-1.0
2016-03-27-5-08-23PM,1459069703749,1459069704000,2016-03-27-5-08-24PM,gps,1.2953173829864968,103.78543531053101,24.0,-25.6463489337915,338.62772,0.78011674
2016-03-27-5-08-40PM,1459069720792,1459069721000,2016-03-27-5-08-41PM,gps,1.295049554045312,103.78451887315246,16.0,-21.109234265684755,314.0704,0.0
2016-03-27-5-08-49PM,1459069729255,1459069728761,2016-03-27-5-08-48PM,network,1.2947069,103.7843482,37.5,-1.0,-1.0,-1.0
2016-03-27-5-09-05PM,1459069745305,1459069745258,2016-03-27-5-09-05PM,network,1.2947069,103.7843482,37.5,-1.0,-1.0,-1.0
2016-03-27-5-09-25PM,1459069765740,1459069765265,2016-03-27-5-09-25PM,network,1.2939423,103.7863093,500.0,-1.0,-1.0,-1.0
2016-03-27-5-09-37PM,1459069777728,1459069778000,2016-03-27-5-09-38PM,gps,1.2935733913830583,103.78528097563758,24.0,15.43427567954015,54.239735,0.20363307
2016-03-27-5-09-45PM,1459069785351,1459069785269,2016-03-27-5-09-45PM,network,1.2943243,103.7860693,544.0,-1.0,-1.0,-1.0
2016-03-27-5-09-57PM,1459069797728,1459069798000,2016-03-27-5-09-58PM,gps,1.2935296996210734,103.78520416438042,24.0,23.620397898299778,131.83029,0.0
2016-03-27-5-10-05PM,1459069805711,1459069797167,2016-03-27-5-09-57PM,network,1.2934092,103.784806,24.0,-1.0,-1.0,-1.0
2016-03-27-5-10-17PM,1459069817727,1459069817999,2016-03-27-5-10-17PM,gps,1.2935273130701717,103.78523654901777,24.0,29.07159068296022,151.18398,0.13065574
2016-03-27-5-10-29PM,1459069829656,1459069825311,2016-03-27-5-10-25PM,network,1.2939423,103.7863093,500.0,-1.0,-1.0,-1.0
2016-03-27-5-10-40PM,1459069840731,1459069840999,2016-03-27-5-10-40PM,gps,1.2934687129740814,103.78527122077372,24.0,33.318265996740166,161.74239,1.1145521
2016-03-27-5-10-50PM,1459069850731,1459069850999,2016-03-27-5-10-50PM,gps,1.2936626234589703,103.78543149208353,32.0,35.508780971179064,38.908253,1.2510736
2016-03-27-5-11-04PM,1459069864725,1459069864999,2016-03-27-5-11-04PM,gps,1.2952250388067517,103.78581552152133,48.0,30.93411080025545,0.82158166,6.398499
2016-03-27-5-11-14PM,1459069874726,1459069874999,2016-03-27-5-11-14PM,gps,1.2953317870224157,103.78593759015321,12.0,31.277491036497075,21.313498,0.0
2016-03-27-5-11-24PM,1459069884727,1459069884999,2016-03-27-5-11-24PM,gps,1.2960175046575744,103.785816129177,16.0,14.830622983082158,355.95523,11.299487
2016-03-27-5-11-29PM,1459069889753,1459069889346,2016-03-27-5-11-29PM,network,1.29598,103.7859401,78.751,-1.0,-1.0,-1.0
2016-03-27-5-11-44PM,1459069904729,1459069904999,2016-03-27-5-11-44PM,gps,1.2974744479975926,103.78547042829219,16.0,28.545393798819674,336.35065,0.0
2016-03-27-5-11-54PM,1459069914719,1459069914999,2016-03-27-5-11-54PM,gps,1.2974744479975926,103.78547042829219,12.0,28.218953562843282,336.35065,0.0
2016-03-27-5-12-04PM,1459069924728,1459069924999,2016-03-27-5-12-04PM,gps,1.2975936161909334,103.78541145144439,24.0,26.98101872476588,341.0962,1.1330806
2016-03-27-5-12-14PM,1459069934726,1459069934999,2016-03-27-5-12-14PM,gps,1.2986360405541213,103.7854341006781,16.0,21.814673272514515,359.6521,11.85007
2016-03-27-5-12-24PM,1459069944756,1459069944999,2016-03-27-5-12-24PM,gps,1.2997751348695514,103.7855490368669,24.0,19.893237280999273,20.51429,12.578703
2016-03-27-5-12-30PM,1459069950776,1459069950593,2016-03-27-5-12-30PM,network,1.3001593,103.7860313,40.5,-1.0,-1.0,-1.0
2016-03-27-5-12-45PM,1459069965730,1459069965999,2016-03-27-5-12-45PM,gps,1.302153883594287,103.78691403029262,24.0,22.73292436215068,16.48154,11.930032
2016-03-27-5-12-51PM,1459069971662,1459069971505,2016-03-27-5-12-51PM,network,1.3023534,103.7870509,40.5,-1.0,-1.0,-1.0
2016-03-27-5-13-05PM,1459069985728,1459069985999,2016-03-27-5-13-05PM,gps,1.3028140251091407,103.78695591773317,32.0,16.312900416611814,5.885463,0.0
2016-03-27-5-13-15PM,1459069995729,1459069995999,2016-03-27-5-13-15PM,gps,1.3028140251091407,103.78695591773317,32.0,16.851991843849817,5.885463,0.0
2016-03-27-5-13-25PM,1459070005731,1459070005999,2016-03-27-5-13-25PM,gps,1.3028140251091407,103.78695591773317,12.0,17.096641272788084,5.885463,0.0
2016-03-27-5-13-35PM,1459070015723,1459070015999,2016-03-27-5-13-35PM,gps,1.3028140251091407,103.78695591773317,24.0,17.301951524438387,5.885463,0.0
2016-03-27-5-13-45PM,1459070025717,1459070025999,2016-03-27-5-13-45PM,gps,1.3033458553939865,103.78714086458623,16.0,22.26311357073082,20.375996,5.8711977
2016-03-27-5-13-54PM,1459070034316,1459070034154,2016-03-27-5-13-54PM,network,1.3031884,103.7879876,45.0,-1.0,-1.0,-1.0
2016-03-27-5-14-06PM,1459070046724,1459070046999,2016-03-27-5-14-06PM,gps,1.3046259650965695,103.78841490815961,24.0,22.789799081256866,53.201553,8.592086
2016-03-27-5-14-16PM,1459070056717,1459070056999,2016-03-27-5-14-16PM,gps,1.3051082941865715,103.78912736397588,32.0,23.810800357180927,54.7016,5.8998785
2016-03-27-5-14-26PM,1459070066748,1459070066999,2016-03-27-5-14-26PM,gps,1.3052690447922985,103.78933164635664,16.0,24.646106326122233,52.33752,4.0918145
2016-03-27-5-14-36PM,1459070076719,1459070076999,2016-03-27-5-14-36PM,gps,1.3056559301456678,103.78989553860329,16.0,32.81081099861997,44.08961,10.179767
2016-03-27-5-14-46PM,1459070086751,1459070086999,2016-03-27-5-14-46PM,gps,1.3062786772850203,103.79037167892182,16.0,26.237036662633937,16.018925,4.5865273
2016-03-27-5-14-54PM,1459070094578,1459070094190,2016-03-27-5-14-54PM,network,1.3059638,103.7901193,34.5,-1.0,-1.0,-1.0
2016-03-27-5-15-06PM,1459070106720,1459070106999,2016-03-27-5-15-06PM,gps,1.3063739693027325,103.79041272811192,16.0,26.191823571428504,19.346643,0.0
2016-03-27-5-15-16PM,1459070116742,1459070116999,2016-03-27-5-15-16PM,gps,1.3063739693027325,103.79041272811192,24.0,26.088279549937596,19.346643,0.0
2016-03-27-5-15-26PM,1459070126719,1459070126999,2016-03-27-5-15-26PM,gps,1.3063739693027325,103.79041272811192,32.0,25.89680411905574,19.346643,0.0
2016-03-27-5-15-36PM,1459070136722,1459070136999,2016-03-27-5-15-36PM,gps,1.3063739693027325,103.79041272811192,24.0,25.195650396527366,19.346643,0.0
2016-03-27-5-15-46PM,1459070146718,1459070146999,2016-03-27-5-15-46PM,gps,1.3063739693027325,103.79041272811192,16.0,25.243762262101107,19.346643,0.0
2016-03-27-5-15-54PM,1459070154336,1459070154237,2016-03-27-5-15-54PM,network,1.3060089,103.7901656,39.0,-1.0,-1.0,-1.0
2016-03-27-5-16-06PM,1459070166721,1459070166999,2016-03-27-5-16-06PM,gps,1.3072823096345567,103.79114753713321,24.0,35.535776337570944,23.677227,5.8306136
2016-03-27-5-16-16PM,1459070176726,1459070176999,2016-03-27-5-16-16PM,gps,1.3073511832752904,103.79116207807465,12.0,35.82009138922926,14.851464,0.0
2016-03-27-5-16-26PM,1459070186740,1459070186999,2016-03-27-5-16-26PM,gps,1.3073511832752904,103.79116207807465,12.0,35.25350721676081,14.851464,0.0
2016-03-27-5-16-36PM,1459070196721,1459070196999,2016-03-27-5-16-36PM,gps,1.3073511832752904,103.79116207807465,16.0,35.02695644650253,14.851464,0.0
2016-03-27-5-16-46PM,1459070206734,1459070206999,2016-03-27-5-16-46PM,gps,1.3073511832752904,103.79116207807465,24.0,34.98631340004006,14.851464,0.0
2016-03-27-5-16-56PM,1459070216715,1459070216999,2016-03-27-5-16-56PM,gps,1.3073511832752904,103.79116207807465,16.0,34.748886530229754,14.851464,0.0
2016-03-27-5-17-06PM,1459070226724,1459070226999,2016-03-27-5-17-06PM,gps,1.3073897039696143,103.791106748394,16.0,33.72484392585926,300.1915,0.0
2016-03-27-5-17-16PM,1459070236712,1459070236999,2016-03-27-5-17-16PM,gps,1.307653656778573,103.79114650550899,24.0,30.793575876525704,21.254202,2.7550437
2016-03-27-5-17-26PM,1459070246710,1459070246999,2016-03-27-5-17-26PM,gps,1.3078176752566206,103.79139568671391,16.0,30.185997419752017,103.42077,6.1966615
2016-03-27-5-17-36PM,1459070256710,1459070256999,2016-03-27-5-17-36PM,gps,1.3076352118606327,103.79194464430915,16.0,31.10604010377134,112.852394,0.0
2016-03-27-5-17-46PM,1459070266728,1459070266999,2016-03-27-5-17-46PM,gps,1.3075352905938884,103.79221867437252,12.0,30.643349092188053,109.560745,0.0
2016-03-27-5-17-56PM,1459070276730,1459070276999,2016-03-27-5-17-56PM,gps,1.3075352905938884,103.79221867437252,24.0,30.479537724145715,109.560745,0.0
2016-03-27-5-18-06PM,1459070286719,1459070286999,2016-03-27-5-18-06PM,gps,1.3075352905938884,103.79221867437252,12.0,29.897075054101617,109.560745,0.0
2016-03-27-5-18-16PM,1459070296738,1459070296999,2016-03-27-5-18-16PM,gps,1.3072525893467437,103.79277941480382,16.0,27.160217609395527,123.502686,7.9024286
2016-03-27-5-18-26PM,1459070306756,1459070307000,2016-03-27-5-18-27PM,gps,1.3069407268835518,103.7932560224848,16.0,29.567772408698215,122.36572,0.0
2016-03-27-5-18-36PM,1459070316730,1459070317000,2016-03-27-5-18-37PM,gps,1.3068313916886245,103.79349556546813,16.0,26.160971323954335,96.95947,0.0
2016-03-27-5-18-44PM,1459070324857,1459070324575,2016-03-27-5-18-44PM,network,1.3069859,103.7937654,73.862,-1.0,-1.0,-1.0
2016-03-27-5-19-01PM,1459070341271,1459070336544,2016-03-27-5-18-56PM,network,1.3076938,103.7941639,21.08,-1.0,-1.0,-1.0
2016-03-27-5-19-06PM,1459070346759,1459070347000,2016-03-27-5-19-07PM,gps,1.308630859658654,103.79485280452695,32.0,33.67570826481855,20.069038,9.7819395
2016-03-27-5-19-16PM,1459070356723,1459070357000,2016-03-27-5-19-17PM,gps,1.309156760556865,103.794832863689,32.0,37.44271782187672,22.709501,0.0
2016-03-27-5-19-26PM,1459070366749,1459070367000,2016-03-27-5-19-27PM,gps,1.3092124550540851,103.7949916802415,24.0,37.60891390977494,22.709501,0.0
2016-03-27-5-19-36PM,1459070376761,1459070377000,2016-03-27-5-19-37PM,gps,1.3092518445131105,103.79501447112301,24.0,37.95179674556638,46.730022,1.4163839
2016-03-27-5-19-46PM,1459070386732,1459070387000,2016-03-27-5-19-47PM,gps,1.3098223241829758,103.79523115299112,16.0,40.09800622386466,19.623001,9.197311
2016-03-27-5-19-56PM,1459070396751,1459070397000,2016-03-27-5-19-57PM,gps,1.310425197852956,103.79548505638226,12.0,36.59803864878306,22.193493,0.0
2016-03-27-5-20-06PM,1459070406715,1459070407000,2016-03-27-5-20-07PM,gps,1.310425197852956,103.79548505638226,24.0,36.53185000740408,22.193493,0.0
2016-03-27-5-20-16PM,1459070416733,1459070417000,2016-03-27-5-20-17PM,gps,1.310425197852956,103.79548505638226,24.0,36.456428691030176,22.193493,0.0
2016-03-27-5-20-26PM,1459070426726,1459070427000,2016-03-27-5-20-27PM,gps,1.310425197852956,103.79548505638226,32.0,36.21684942668497,22.193493,0.0
2016-03-27-5-20-36PM,1459070436764,1459070437000,2016-03-27-5-20-37PM,gps,1.310425197852956,103.79548505638226,16.0,35.95277459363211,22.193493,0.0
2016-03-27-5-20-46PM,1459070446736,1459070447000,2016-03-27-5-20-47PM,gps,1.3106120927786595,103.79567148407278,16.0,31.286242623038913,27.173506,5.615749
2016-03-27-5-20-56PM,1459070456721,1459070457000,2016-03-27-5-20-57PM,gps,1.311477150809307,103.79576585435551,16.0,33.00332921219795,0.63156056,9.392816
2016-03-27-5-21-06PM,1459070466748,1459070467000,2016-03-27-5-21-07PM,gps,1.3117857335179854,103.79580217708066,32.0,37.6984396941068,14.221218,0.0
2016-03-27-5-21-16PM,1459070476712,1459070477000,2016-03-27-5-21-17PM,gps,1.3117857335179854,103.79580217708066,24.0,37.96846559124485,14.221218,0.0
2016-03-27-5-21-26PM,1459070486721,1459070487000,2016-03-27-5-21-27PM,gps,1.3117857335179854,103.79580217708066,24.0,38.08574408710438,14.221218,0.0
2016-03-27-5-21-36PM,1459070496766,1459070497000,2016-03-27-5-21-37PM,gps,1.311898570036221,103.79587805589397,12.0,38.2755875910552,4.1585274,1.825883
2016-03-27-5-21-46PM,1459070506716,1459070507000,2016-03-27-5-21-47PM,gps,1.3119962087720447,103.79572778869775,16.0,40.28299918219835,265.4285,5.20513
2016-03-27-5-21-56PM,1459070516724,1459070517000,2016-03-27-5-21-57PM,gps,1.3120908355439562,103.79482746192365,16.0,39.511830385872194,290.91043,8.147219
2016-03-27-5-22-01PM,1459070521906,1459070514822,2016-03-27-5-21-54PM,network,1.3122738,103.7951737,31.5,-1.0,-1.0,-1.0
2016-03-27-5-22-16PM,1459070536738,1459070537000,2016-03-27-5-22-17PM,gps,1.312194237176978,103.79461518778575,12.0,40.41332578250344,298.19702,0.0
2016-03-27-5-22-21PM,1459070541868,1459070540777,2016-03-27-5-22-20PM,network,1.3124312,103.7949374,65.138,-1.0,-1.0,-1.0
2016-03-27-5-22-36PM,1459070556722,1459070557000,2016-03-27-5-22-37PM,gps,1.3125812854897876,103.79423062812576,16.0,41.30163568841617,314.78522,9.645814
2016-03-27-5-22-41PM,1459070561801,1459070554792,2016-03-27-5-22-34PM,network,1.3125685,103.7943395,36.0,-1.0,-1.0,-1.0
2016-03-27-5-22-56PM,1459070576739,1459070577000,2016-03-27-5-22-57PM,gps,1.3131644299901608,103.79305857978886,12.0,43.55584588005529,240.72513,7.26783
2016-03-27-5-23-01PM,1459070581895,1459070580796,2016-03-27-5-23-00PM,network,1.3129241,103.7931396,63.0,-1.0,-1.0,-1.0
2016-03-27-5-23-16PM,1459070596746,1459070597000,2016-03-27-5-23-17PM,gps,1.3122084266288039,103.79218191234641,16.0,41.59175635618529,175.796,1.9583299
2016-03-27-5-23-21PM,1459070601859,1459070601519,2016-03-27-5-23-21PM,network,1.3123406,103.7931908,500.0,-1.0,-1.0,-1.0
2016-03-27-5-23-36PM,1459070616723,1459070617000,2016-03-27-5-23-37PM,gps,1.3116187204594285,103.79253922503004,32.0,42.150632300922815,164.65923,0.0
2016-03-27-5-23-41PM,1459070621812,1459070618792,2016-03-27-5-23-38PM,network,1.3112433,103.7923989,26.809,-1.0,-1.0,-1.0
2016-03-27-5-23-56PM,1459070636721,1459070637000,2016-03-27-5-23-57PM,gps,1.3116187204594285,103.79253922503004,24.0,41.7816572739764,164.65923,0.0
2016-03-27-5-24-06PM,1459070646720,1459070647000,2016-03-27-5-24-07PM,gps,1.3113369111095499,103.7926907634252,16.0,38.82710758835335,156.24104,3.01939
2016-03-27-5-24-16PM,1459070656760,1459070657000,2016-03-27-5-24-17PM,gps,1.3113127676220229,103.79269848669084,12.0,38.35100184507523,158.0352,0.0
2016-03-27-5-24-21PM,1459070661761,1459070658760,2016-03-27-5-24-18PM,network,1.3116613,103.7926866,87.0,-1.0,-1.0,-1.0
2016-03-27-5-24-36PM,1459070676746,1459070677000,2016-03-27-5-24-37PM,gps,1.311183365208729,103.79272524537316,12.0,37.07910567194339,167.6284,2.998409
2016-03-27-5-24-41PM,1459070681884,1459070670717,2016-03-27-5-24-30PM,network,1.3112575,103.7924929,30.0,-1.0,-1.0,-1.0
2016-03-27-5-24-56PM,1459070696725,1459070697000,2016-03-27-5-24-57PM,gps,1.3096921763628457,103.79296224511033,24.0,38.89907929797393,178.0037,8.728843
2016-03-27-5-25-01PM,1459070701849,1459070700750,2016-03-27-5-25-00PM,network,1.3095622,103.7929556,106.711,-1.0,-1.0,-1.0
2016-03-27-5-25-16PM,1459070716730,1459070717000,2016-03-27-5-25-17PM,gps,1.3084864778712006,103.79352461430977,24.0,38.13685662869208,132.09581,8.488786
2016-03-27-5-25-22PM,1459070722072,1459070720805,2016-03-27-5-25-20PM,network,1.308379,103.793219,48.497,-1.0,-1.0,-1.0
2016-03-27-5-25-36PM,1459070736731,1459070737000,2016-03-27-5-25-37PM,gps,1.3082336825462206,103.79364891025601,16.0,28.58731896240508,152.45428,5.443171
2016-03-27-5-25-41PM,1459070741805,1459070731990,2016-03-27-5-25-31PM,network,1.3083902,103.7932013,29.653,-1.0,-1.0,-1.0
2016-03-27-5-25-56PM,1459070756734,1459070757000,2016-03-27-5-25-57PM,gps,1.3077506418446603,103.79384601396794,12.0,22.32344504216378,111.745735,0.0
2016-03-27-5-26-03PM,1459070763253,1459070757988,2016-03-27-5-25-57PM,network,1.307793,103.7937805,24.45,-1.0,-1.0,-1.0
2016-03-27-5-26-16PM,1459070776723,1459070777000,2016-03-27-5-26-17PM,gps,1.3077506418446603,103.79384601396794,16.0,22.478217310414152,111.745735,0.0
2016-03-27-5-26-22PM,1459070782847,1459070769960,2016-03-27-5-26-09PM,network,1.3077097,103.79389,36.387,-1.0,-1.0,-1.0
2016-03-27-5-26-36PM,1459070796728,1459070796999,2016-03-27-5-26-36PM,gps,1.3077506418446603,103.79384601396794,24.0,22.234123071799047,111.745735,0.0
2016-03-27-5-26-43PM,1459070803129,1459070795949,2016-03-27-5-26-35PM,network,1.3077211,103.7938115,29.258,-1.0,-1.0,-1.0
2016-03-27-5-26-56PM,1459070816721,1459070816999,2016-03-27-5-26-56PM,gps,1.3072991682029862,103.79414491827809,24.0,20.499738545520053,171.10976,4.741118
2016-03-27-5-27-03PM,1459070823252,1459070821940,2016-03-27-5-27-01PM,network,1.3069601,103.7937327,34.445,-1.0,-1.0,-1.0
2016-03-27-5-27-16PM,1459070836714,1459070836999,2016-03-27-5-27-16PM,gps,1.3069597467257228,103.79401427533091,24.0,23.648437133157888,222.23009,0.0
2016-03-27-5-27-23PM,1459070843220,1459070835954,2016-03-27-5-27-15PM,network,1.3069646,103.7936935,40.5,-1.0,-1.0,-1.0
2016-03-27-5-27-36PM,1459070856731,1459070856999,2016-03-27-5-27-36PM,gps,1.3069597467257228,103.79401427533091,16.0,23.83239536286789,222.23009,0.0
2016-03-27-5-27-43PM,1459070863599,1459070861957,2016-03-27-5-27-41PM,network,1.3069775,103.7937553,31.5,-1.0,-1.0,-1.0
2016-03-27-5-27-56PM,1459070876711,1459070876999,2016-03-27-5-27-56PM,gps,1.3069597467257228,103.79401427533091,24.0,24.094596705673258,222.23009,0.0
2016-03-27-5-28-03PM,1459070883355,1459070873933,2016-03-27-5-27-53PM,network,1.306942,103.7936884,27.731,-1.0,-1.0,-1.0
2016-03-27-5-28-16PM,1459070896710,1459070896999,2016-03-27-5-28-16PM,gps,1.3066624032810494,103.79367002816245,12.0,30.942997851575917,242.38983,5.0143228
2016-03-27-5-28-23PM,1459070903303,1459070899900,2016-03-27-5-28-19PM,network,1.3068039,103.7936484,37.5,-1.0,-1.0,-1.0
2016-03-27-5-28-36PM,1459070916713,1459070916999,2016-03-27-5-28-36PM,gps,1.3071239463887092,103.79247250587761,16.0,31.283142415328033,305.82162,4.4138517
2016-03-27-5-28-43PM,1459070923216,1459070919114,2016-03-27-5-28-39PM,network,1.3071094,103.7926792,30.0,-1.0,-1.0,-1.0
2016-03-27-5-28-56PM,1459070936724,1459070936999,2016-03-27-5-28-56PM,gps,1.3071912020296652,103.79234329730816,12.0,30.735540272761515,298.99075,2.8783648
2016-03-27-5-29-03PM,1459070943439,1459070931050,2016-03-27-5-28-51PM,network,1.307119,103.7926566,30.0,-1.0,-1.0,-1.0
2016-03-27-5-29-16PM,1459070956737,1459070956999,2016-03-27-5-29-16PM,gps,1.3076063433505123,103.79154420243891,16.0,22.018631475099856,288.78055,5.1992226
2016-03-27-5-29-23PM,1459070963394,1459070957211,2016-03-27-5-29-17PM,network,1.3080309,103.7916378,48.0,-1.0,-1.0,-1.0
2016-03-27-5-29-36PM,1459070976711,1459070976999,2016-03-27-5-29-36PM,gps,1.3073677065622535,103.79108447306712,16.0,22.020279150849735,204.78134,8.136835
2016-03-27-5-29-43PM,1459070983562,1459070969153,2016-03-27-5-29-29PM,network,1.3078809,103.7906789,45.0,-1.0,-1.0,-1.0
2016-03-27-5-29-56PM,1459070996726,1459070996999,2016-03-27-5-29-56PM,gps,1.3066436787155633,103.79085702912313,8.0,24.693241780708963,215.67828,0.0
2016-03-27-5-30-03PM,1459071003648,1459070989128,2016-03-27-5-29-49PM,network,1.3063838,103.7906184,36.0,-1.0,-1.0,-1.0
2016-03-27-5-30-16PM,1459071016728,1459071016999,2016-03-27-5-30-16PM,gps,1.3063842725360366,103.7907987304809,16.0,22.75031711768292,211.11006,6.1010485
2016-03-27-5-30-25PM,1459071025515,1459071025254,2016-03-27-5-30-25PM,network,1.3060543,103.7902438,39.0,-1.0,-1.0,-1.0
2016-03-27-5-30-36PM,1459071036735,1459071036999,2016-03-27-5-30-36PM,gps,1.3049468319285487,103.78965142626524,16.0,21.304188455047633,233.0127,11.091582
2016-03-27-5-30-45PM,1459071045517,1459071042133,2016-03-27-5-30-42PM,network,1.3074543,103.7904323,75.0,-1.0,-1.0,-1.0
2016-03-27-5-30-56PM,1459071056735,1459071056999,2016-03-27-5-30-56PM,gps,1.3041471370716184,103.78830344292564,16.0,20.684023818810896,241.7099,4.1847086
2016-03-27-5-31-05PM,1459071065505,1459071062053,2016-03-27-5-31-02PM,network,1.3042332,103.7882672,48.0,-1.0,-1.0,-1.0
2016-03-27-5-31-16PM,1459071076730,1459071076999,2016-03-27-5-31-16PM,gps,1.3040647241635865,103.78813104067288,12.0,20.520529972469205,237.16345,0.0
2016-03-27-5-31-25PM,1459071085285,1459071082022,2016-03-27-5-31-22PM,network,1.3039052,103.788093,48.0,-1.0,-1.0,-1.0
2016-03-27-5-31-36PM,1459071096724,1459071096999,2016-03-27-5-31-36PM,gps,1.3040647241635865,103.78813104067288,12.0,20.33916534376856,237.16345,0.0
2016-03-27-5-31-46PM,1459071106801,1459071106999,2016-03-27-5-31-46PM,gps,1.3040647241635865,103.78813104067288,24.0,20.08094996988485,237.16345,0.0
2016-03-27-5-31-56PM,1459071116720,1459071116999,2016-03-27-5-31-56PM,gps,1.3040647241635865,103.78813104067288,32.0,19.97313143260607,237.16345,0.0
2016-03-27-5-32-05PM,1459071125545,1459071122172,2016-03-27-5-32-02PM,network,1.3035784,103.7872277,258.56,-1.0,-1.0,-1.0
2016-03-27-5-32-16PM,1459071136733,1459071136999,2016-03-27-5-32-16PM,gps,1.3024979418609928,103.78752808971679,16.0,9.052531734516691,191.66367,11.912585
2016-03-27-5-32-25PM,1459071145700,1459071134102,2016-03-27-5-32-14PM,network,1.3035619,103.7863821,75.0,-1.0,-1.0,-1.0
2016-03-27-5-32-36PM,1459071156731,1459071156999,2016-03-27-5-32-36PM,gps,1.3001259873244684,103.78595191918335,16.0,25.46641060075307,213.66399,15.217432
2016-03-27-5-32-45PM,1459071165512,1459071154090,2016-03-27-5-32-34PM,network,1.3006271,103.7863161,87.619,-1.0,-1.0,-1.0
2016-03-27-5-32-56PM,1459071176732,1459071176999,2016-03-27-5-32-56PM,gps,1.2980640885301522,103.78557126641171,12.0,15.710709596596583,169.92438,9.92468
2016-03-27-5-33-06PM,1459071186743,1459071186999,2016-03-27-5-33-06PM,gps,1.2971950253287878,103.78575724678954,24.0,20.323518047855803,172.36531,9.515868
2016-03-27-5-33-16PM,1459071196728,1459071196999,2016-03-27-5-33-16PM,gps,1.2961684182954925,103.78592563759672,12.0,23.178135485061897,166.77399,10.563482
2016-03-27-5-33-25PM,1459071205430,1459071201331,2016-03-27-5-33-21PM,network,1.2956716,103.7858598,94.214,-1.0,-1.0,-1.0
2016-03-27-5-33-36PM,1459071216731,1459071216999,2016-03-27-5-33-36PM,gps,1.2957065705466284,103.78606034677156,8.0,28.863401946008956,145.70993,0.0
2016-03-27-5-33-45PM,1459071225424,1459071221291,2016-03-27-5-33-41PM,network,1.2957366,103.7859096,33.551,-1.0,-1.0,-1.0
2016-03-27-5-33-56PM,1459071236735,1459071236999,2016-03-27-5-33-56PM,gps,1.29503140452938,103.7861563344842,16.0,29.056905260593616,172.33821,9.673597
2016-03-27-5-34-06PM,1459071246733,1459071246999,2016-03-27-5-34-06PM,gps,1.2939893288108717,103.78599711892221,12.0,30.32185541685487,200.46353,12.716993
2016-03-27-5-34-16PM,1459071256738,1459071256999,2016-03-27-5-34-16PM,gps,1.29333582791271,103.78544042581106,12.0,38.369869696684475,225.99629,3.38433
2016-03-27-5-34-25PM,1459071265546,1459071261337,2016-03-27-5-34-21PM,network,1.2948164,103.7857473,36.0,-1.0,-1.0,-1.0
2016-03-27-5-34-36PM,1459071276728,1459071276999,2016-03-27-5-34-36PM,gps,1.2942327226924468,103.78483865711566,12.0,41.51353770137277,348.56305,7.5054035
2016-03-27-5-34-45PM,1459071285532,1459071281387,2016-03-27-5-34-41PM,network,1.2945763,103.7844752,36.0,-1.0,-1.0,-1.0
2016-03-27-5-34-56PM,1459071296734,1459071296999,2016-03-27-5-34-56PM,gps,1.2947334148069651,103.78453442380905,16.0,30.094135796630372,325.73203,0.0
2016-03-27-5-35-05PM,1459071305722,1459071295627,2016-03-27-5-34-55PM,network,1.2947216,103.7841637,30.0,-1.0,-1.0,-1.0
2016-03-27-5-35-16PM,1459071316732,1459071317000,2016-03-27-5-35-17PM,gps,1.2951761099514887,103.78426468240707,12.0,30.660560197048962,330.20352,3.4205785
2016-03-27-5-35-25PM,1459071325832,1459071325470,2016-03-27-5-35-25PM,network,1.2957059,103.7848606,699.999,-1.0,-1.0,-1.0
2016-03-27-5-35-36PM,1459071336728,1459071337000,2016-03-27-5-35-37PM,gps,1.2957135002151976,103.7839027572561,12.0,19.503588701118336,327.5755,11.182095
2016-03-27-5-35-45PM,1459071345975,1459071345489,2016-03-27-5-35-45PM,network,1.2948241,103.7855849,500.0,-1.0,-1.0,-1.0
2016-03-27-5-35-56PM,1459071356733,1459071357000,2016-03-27-5-35-57PM,gps,1.296847282599457,103.78275124090618,6.0,14.78587838499014,297.94156,6.1625657
2016-03-27-5-36-06PM,1459071366730,1459071367000,2016-03-27-5-36-07PM,gps,1.296955398549382,103.78224980165471,12.0,22.09784489221202,283.28665,8.98854
2016-03-27-5-36-16PM,1459071376734,1459071377000,2016-03-27-5-36-17PM,gps,1.2972631740353187,103.78168864911974,16.0,25.70548251813943,289.96576,4.1607423
2016-03-27-5-36-26PM,1459071386268,1459071386105,2016-03-27-5-36-26PM,network,1.2980649,103.7816011,500.0,-1.0,-1.0,-1.0
2016-03-27-5-36-36PM,1459071396729,1459071397000,2016-03-27-5-36-37PM,gps,1.2974512153458095,103.78117711175356,16.0,24.999863221265514,264.95633,2.3294992
2016-03-27-5-36-46PM,1459071406328,1459071397060,2016-03-27-5-36-37PM,network,1.297257,103.7807908,45.828,-1.0,-1.0,-1.0
2016-03-27-5-36-56PM,1459071416733,1459071417000,2016-03-27-5-36-57PM,gps,1.2974622664784057,103.78083219680065,24.0,6.45683389180285,270.60562,5.2081437
2016-03-27-5-37-06PM,1459071426439,1459071417090,2016-03-27-5-36-57PM,network,1.297379,103.7806688,45.246,-1.0,-1.0,-1.0
2016-03-27-5-37-31PM,1459071451680,1459071452000,2016-03-27-5-37-32PM,gps,1.2966905650134866,103.77866008903182,48.0,3.5714496164792435,270.7218,0.0
2016-03-27-5-37-41PM,1459071461730,1459071462000,2016-03-27-5-37-42PM,gps,1.2967543727048252,103.77852939493148,24.0,-12.91916383037946,291.81027,4.026254
2016-03-27-5-37-51PM,1459071471733,1459071472000,2016-03-27-5-37-52PM,gps,1.2970592484548595,103.77821116303843,32.0,-17.103272655619485,296.39343,4.3137846
2016-03-27-5-38-01PM,1459071481716,1459071482000,2016-03-27-5-38-02PM,gps,1.2975433633808917,103.77754160357775,24.0,-11.677153865595573,304.23474,8.564974
2016-03-27-5-38-07PM,1459071487438,1459071483514,2016-03-27-5-38-03PM,network,1.2980348,103.7771685,72.785,-1.0,-1.0,-1.0
2016-03-27-5-38-52PM,1459071532328,1459071527284,2016-03-27-5-38-47PM,network,1.3036694,103.7736337,500.0,-1.0,-1.0,-1.0
2016-03-27-5-39-05PM,1459071545682,1459071546000,2016-03-27-5-39-06PM,gps,1.2991927357036646,103.77473188562614,32.0,31.70219943865714,303.03644,-1.0
2016-03-27-5-39-15PM,1459071555721,1459071556000,2016-03-27-5-39-16PM,gps,1.2989958877230103,103.77437498997789,24.0,31.07610154051433,205.58063,5.4761105
2016-03-27-5-39-27PM,1459071567643,1459071567290,2016-03-27-5-39-27PM,network,1.3019114,103.7739958,500.0,-1.0,-1.0,-1.0
2016-03-27-5-39-35PM,1459071575735,1459071576000,2016-03-27-5-39-36PM,gps,1.2978639780608143,103.77318281861879,48.0,37.569196106702826,216.42331,8.324259
2016-03-27-5-39-47PM,1459071587770,1459071579835,2016-03-27-5-39-39PM,network,1.2975977,103.773054,37.5,-1.0,-1.0,-1.0
2016-03-27-5-40-16PM,1459071616713,1459071617000,2016-03-27-5-40-17PM,gps,1.29627611718097,103.77122702247863,32.0,40.511545648094014,292.58984,3.5763025
2016-03-27-5-40-21PM,1459071621761,1459071621353,2016-03-27-5-40-21PM,network,1.296761,103.7721199,42.0,-1.0,-1.0,-1.0
2016-03-27-5-40-36PM,1459071636741,1459071637000,2016-03-27-5-40-37PM,gps,1.2960980761394474,103.7698665291699,24.0,10.229038250118851,245.84264,0.0
2016-03-27-5-40-46PM,1459071646714,1459071647000,2016-03-27-5-40-47PM,gps,1.2957990128436532,103.76958168036522,32.0,7.99228438848205,232.77676,4.820272
2016-03-27-5-40-59PM,1459071659742,1459071660000,2016-03-27-5-41-00PM,gps,1.2947834834559258,103.77002652725352,32.0,10.090580573528205,138.40988,6.067027
2016-03-27-5-41-08PM,1459071668922,1459071663955,2016-03-27-5-41-03PM,network,1.2945729,103.769198,67.215,-1.0,-1.0,-1.0
2016-03-27-5-41-19PM,1459071679733,1459071680000,2016-03-27-5-41-20PM,gps,1.2942856383703103,103.76991331347041,16.0,17.82243958459227,199.50409,0.0
2016-03-27-5-41-28PM,1459071688669,1459071685953,2016-03-27-5-41-25PM,network,1.2944121,103.7692772,40.5,-1.0,-1.0,-1.0
2016-03-27-5-41-39PM,1459071699744,1459071700000,2016-03-27-5-41-40PM,gps,1.2942856383703103,103.76991331347041,24.0,17.9913339980639,199.50409,0.0
2016-03-27-5-41-49PM,1459071709748,1459071710000,2016-03-27-5-41-50PM,gps,1.2942856383703103,103.76991331347041,12.0,17.730397186656063,199.50409,0.0
2016-03-27-5-41-59PM,1459071719706,1459071720000,2016-03-27-5-42-00PM,gps,1.2942856383703103,103.76991331347041,16.0,17.23933014654232,199.50409,0.0
2016-03-27-5-42-09PM,1459071729075,1459071719326,2016-03-27-5-41-59PM,network,1.2943933,103.7693111,77.972,-1.0,-1.0,-1.0
2016-03-27-5-42-19PM,1459071739725,1459071740000,2016-03-27-5-42-20PM,gps,1.2942856383703103,103.76991331347041,16.0,15.592831532020764,199.50409,0.0
2016-03-27-5-42-28PM,1459071748866,1459071739347,2016-03-27-5-42-19PM,network,1.2944225,103.7693594,47.606,-1.0,-1.0,-1.0
2016-03-27-5-42-39PM,1459071759734,1459071760000,2016-03-27-5-42-40PM,gps,1.2942856383703103,103.76991331347041,8.0,15.265685605935039,199.50409,0.0
2016-03-27-5-42-49PM,1459071769722,1459071770000,2016-03-27-5-42-50PM,gps,1.2942856383703103,103.76991331347041,32.0,15.407984492014771,199.50409,0.0
2016-03-27-5-42-59PM,1459071779909,1459071780000,2016-03-27-5-43-00PM,gps,1.2942856383703103,103.76991331347041,16.0,15.565043486374998,199.50409,0.0
2016-03-27-5-43-09PM,1459071789184,1459071785033,2016-03-27-5-43-05PM,network,1.2945388,103.7693924,90.238,-1.0,-1.0,-1.0
2016-03-27-5-43-19PM,1459071799813,1459071800000,2016-03-27-5-43-20PM,gps,1.2942856383703103,103.76991331347041,8.0,15.443693216465167,199.50409,0.0
2016-03-27-5-43-29PM,1459071809454,1459071805103,2016-03-27-5-43-25PM,network,1.2943392,103.7692142,75.489,-1.0,-1.0,-1.0
2016-03-27-5-43-39PM,1459071819724,1459071819999,2016-03-27-5-43-39PM,gps,1.2943607509592467,103.77001710079355,12.0,13.884732014810497,73.50541,0.0
2016-03-27-5-43-49PM,1459071829034,1459071815065,2016-03-27-5-43-35PM,network,1.2945601,103.7694021,92.129,-1.0,-1.0,-1.0
2016-03-27-5-43-59PM,1459071839729,1459071839999,2016-03-27-5-43-59PM,gps,1.2943607509592467,103.77001710079355,8.0,13.181944044583899,73.50541,0.0
2016-03-27-5-44-09PM,1459071849024,1459071841030,2016-03-27-5-44-01PM,network,1.2942139,103.7695118,61.5,-1.0,-1.0,-1.0
2016-03-27-5-44-19PM,1459071859738,1459071859999,2016-03-27-5-44-19PM,gps,1.2943607509592467,103.77001710079355,16.0,12.588988123244276,73.50541,0.0
2016-03-27-5-44-29PM,1459071869716,1459071869999,2016-03-27-5-44-29PM,gps,1.2943607509592467,103.77001710079355,12.0,12.539451602272576,73.50541,0.0
2016-03-27-5-44-39PM,1459071879715,1459071879999,2016-03-27-5-44-39PM,gps,1.2943607509592467,103.77001710079355,32.0,11.984624663950395,73.50541,0.0
2016-03-27-5-44-49PM,1459071889744,1459071889999,2016-03-27-5-44-49PM,gps,1.2943607509592467,103.77001710079355,24.0,11.638433694262611,73.50541,0.0
2016-03-27-5-44-59PM,1459071899720,1459071899999,2016-03-27-5-44-59PM,gps,1.2943607509592467,103.77001710079355,16.0,10.882133523847513,73.50541,0.0
2016-03-27-5-45-09PM,1459071909716,1459071909999,2016-03-27-5-45-09PM,gps,1.2943607509592467,103.77001710079355,32.0,10.577868290822758,73.50541,0.0
2016-03-27-5-45-19PM,1459071919719,1459071919999,2016-03-27-5-45-19PM,gps,1.2943607509592467,103.77001710079355,24.0,11.073200330635206,73.50541,0.0
2016-03-27-5-45-29PM,1459071929722,1459071929999,2016-03-27-5-45-29PM,gps,1.2943607509592467,103.77001710079355,24.0,11.915734415999914,73.50541,0.0
2016-03-27-5-45-39PM,1459071939712,1459071939999,2016-03-27-5-45-39PM,gps,1.2943600243819415,103.76997657629367,12.0,12.395020437750482,73.50541,0.0
2016-03-27-5-45-50PM,1459071950703,1459071949770,2016-03-27-5-45-49PM,network,1.2944847,103.769377,85.395,-1.0,-1.0,-1.0
2016-03-27-5-46-01PM,1459071961748,1459071961999,2016-03-27-5-46-01PM,gps,1.2943782996126403,103.76995747282328,24.0,12.620343608894347,73.50541,0.0
2016-03-27-5-46-10PM,1459071970694,1459071965789,2016-03-27-5-46-05PM,network,1.294458,103.7693237,83.644,-1.0,-1.0,-1.0
2016-03-27-5-46-21PM,1459071981719,1459071981999,2016-03-27-5-46-21PM,gps,1.2944208666067203,103.76995506918945,16.0,14.933720724527006,83.05417,0.0
2016-03-27-5-46-30PM,1459071990822,1459071987987,2016-03-27-5-46-27PM,network,1.2946991,103.7693757,70.848,-1.0,-1.0,-1.0
2016-03-27-5-46-42PM,1459072002711,1459072002999,2016-03-27-5-46-42PM,gps,1.2944476739633133,103.76988907574973,16.0,14.302384430972792,83.05417,0.0
2016-03-27-5-46-50PM,1459072010783,1459072006774,2016-03-27-5-46-46PM,network,1.2943682,103.7693803,74.644,-1.0,-1.0,-1.0
2016-03-27-5-47-00PM,1459072020712,1459072020999,2016-03-27-5-47-00PM,gps,1.2944476739633133,103.76988907574973,24.0,16.664475693491763,83.05417,0.028137306
2016-03-27-5-47-10PM,1459072030712,1459072030999,2016-03-27-5-47-10PM,gps,1.2944476739633133,103.76988907574973,24.0,16.737381714761327,83.05417,0.0
2016-03-27-5-47-20PM,1459072040723,1459072040999,2016-03-27-5-47-20PM,gps,1.2944470186949997,103.76988775170565,16.0,16.514032710444177,83.05417,0.0
2016-03-27-5-47-30PM,1459072050712,1459072050999,2016-03-27-5-47-30PM,gps,1.2944470186949997,103.76988775170565,12.0,16.13026357396491,83.05417,0.0
2016-03-27-5-47-40PM,1459072060713,1459072060999,2016-03-27-5-47-40PM,gps,1.2944470186949997,103.76988775170565,24.0,16.033105677275753,83.05417,0.0
2016-03-27-5-47-50PM,1459072070719,1459072070999,2016-03-27-5-47-50PM,gps,1.2944242685633915,103.76984350123203,12.0,15.98253380292189,83.05417,0.0
2016-03-27-5-48-00PM,1459072080713,1459072080999,2016-03-27-5-48-00PM,gps,1.294423442788239,103.769833412878,24.0,14.295731494234433,83.05417,0.0015369058
2016-03-27-5-48-10PM,1459072090721,1459072090999,2016-03-27-5-48-10PM,gps,1.2944234427869041,103.76983341286673,24.0,13.789436737378852,83.05417,0.0
2016-03-27-5-48-20PM,1459072100716,1459072100999,2016-03-27-5-48-20PM,gps,1.2944234427869041,103.76983341286673,32.0,13.110105491576851,83.05417,0.0
2016-03-27-5-48-30PM,1459072110721,1459072110999,2016-03-27-5-48-30PM,gps,1.2944234427869041,103.76983341286673,16.0,12.623995698860854,83.05417,0.0
2016-03-27-5-48-42PM,1459072122718,1459072122999,2016-03-27-5-48-42PM,gps,1.2944296373622743,103.76982597858887,32.0,12.425262658209062,83.05417,0.0
2016-03-27-5-48-50PM,1459072130985,1459072126740,2016-03-27-5-48-46PM,network,1.2949487,103.7693671,128.259,-1.0,-1.0,-1.0
2016-03-27-5-49-10PM,1459072150988,1459072136794,2016-03-27-5-48-56PM,network,1.2944017,103.7693964,77.563,-1.0,-1.0,-1.0
2016-03-27-5-49-17PM,1459072157704,1459072157999,2016-03-27-5-49-17PM,gps,1.2944586287788913,103.7698938133245,32.0,13.10889507811473,83.05417,0.0
2016-03-27-5-49-35PM,1459072175990,1459072170959,2016-03-27-5-49-30PM,network,1.2960828,103.7696502,500.0,-1.0,-1.0,-1.0
2016-03-27-5-49-48PM,1459072188706,1459072188999,2016-03-27-5-49-48PM,gps,1.2945218517460777,103.76968561605506,24.0,13.220091456657142,104.61394,0.029273346
2016-03-27-5-49-58PM,1459072198721,1459072198999,2016-03-27-5-49-58PM,gps,1.2945050750531113,103.7697986116245,16.0,13.31196128425723,104.61394,0.0
2016-03-27-5-50-08PM,1459072208718,1459072208999,2016-03-27-5-50-08PM,gps,1.2945043704551784,103.76979644013528,24.0,14.45568068626042,104.61394,0.0
2016-03-27-5-50-19PM,1459072219709,1459072219999,2016-03-27-5-50-19PM,gps,1.2945043704551784,103.76979644013528,8.0,14.822194954501127,104.61394,0.0
2016-03-27-5-50-29PM,1459072229723,1459072229999,2016-03-27-5-50-29PM,gps,1.2945043704551784,103.76979644013528,16.0,15.142267830343833,104.61394,0.0
2016-03-27-5-50-39PM,1459072239714,1459072239999,2016-03-27-5-50-39PM,gps,1.2945043704551784,103.76979644013528,16.0,15.924058578428333,104.61394,0.0
2016-03-27-5-50-49PM,1459072249709,1459072249999,2016-03-27-5-50-49PM,gps,1.2945043704551784,103.76979644013528,16.0,16.17783003957109,104.61394,0.0
2016-03-27-5-50-59PM,1459072259733,1459072259999,2016-03-27-5-50-59PM,gps,1.2945043704551784,103.76979644013528,32.0,16.211661736060446,104.61394,0.0
2016-03-27-5-51-09PM,1459072269714,1459072269999,2016-03-27-5-51-09PM,gps,1.2945043704551784,103.76979644013528,24.0,16.175847721601478,104.61394,0.0
2016-03-27-5-51-19PM,1459072279718,1459072279999,2016-03-27-5-51-19PM,gps,1.294465261287805,103.76979163906168,24.0,16.529185258140927,224.14484,0.0
2016-03-27-5-51-31PM,1459072291251,1459072286003,2016-03-27-5-51-26PM,network,1.2944533,103.7693845,82.429,-1.0,-1.0,-1.0
2016-03-27-5-51-43PM,1459072303711,1459072304000,2016-03-27-5-51-44PM,gps,1.2944278182834605,103.76985768973272,32.0,16.261147665510848,168.32881,0.0
2016-03-27-5-51-53PM,1459072313117,1459072309778,2016-03-27-5-51-49PM,network,1.2944751,103.7692997,85.607,-1.0,-1.0,-1.0
2016-03-27-5-52-05PM,1459072325716,1459072326000,2016-03-27-5-52-06PM,gps,1.294443592695243,103.76995613099909,24.0,14.717792422900338,101.40039,0.0
2016-03-27-5-52-13PM,1459072333147,1459072329761,2016-03-27-5-52-09PM,network,1.294489,103.7693107,86.681,-1.0,-1.0,-1.0
2016-03-27-5-52-25PM,1459072345715,1459072346000,2016-03-27-5-52-26PM,gps,1.2944258870001635,103.76992056942143,16.0,14.989429250786538,101.40039,0.0
2016-03-27-5-52-33PM,1459072353123,1459072351753,2016-03-27-5-52-31PM,network,1.2944153,103.7691762,83.303,-1.0,-1.0,-1.0
2016-03-27-5-52-46PM,1459072366726,1459072367000,2016-03-27-5-52-47PM,gps,1.2944252487540182,103.76988509207516,24.0,15.855634518420723,101.40039,0.0
2016-03-27-5-52-53PM,1459072373160,1459072370774,2016-03-27-5-52-50PM,network,1.2944428,103.7694293,81.122,-1.0,-1.0,-1.0
2016-03-27-5-53-06PM,1459072386719,1459072387000,2016-03-27-5-53-07PM,gps,1.2944252487540182,103.76988509207516,24.0,15.839091857277927,101.40039,0.0
2016-03-27-5-53-13PM,1459072393170,1459072390766,2016-03-27-5-53-10PM,network,1.2945866,103.7693121,95.565,-1.0,-1.0,-1.0
2016-03-27-5-53-26PM,1459072406715,1459072407000,2016-03-27-5-53-27PM,gps,1.294428767464686,103.76987938831643,32.0,15.254230110708196,101.40039,0.0
2016-03-27-5-53-33PM,1459072413241,1459072410763,2016-03-27-5-53-30PM,network,1.2942237,103.7692859,63.279,-1.0,-1.0,-1.0
2016-03-27-5-53-46PM,1459072426717,1459072427000,2016-03-27-5-53-47PM,gps,1.2944380086842242,103.76987068859587,16.0,14.682295601911761,101.40039,0.0
2016-03-27-5-53-53PM,1459072433255,1459072427732,2016-03-27-5-53-47PM,network,1.294393,103.7694085,76.658,-1.0,-1.0,-1.0
2016-03-27-5-54-06PM,1459072446723,1459072447000,2016-03-27-5-54-07PM,gps,1.2944434801822229,103.76986572036498,12.0,14.0255752855607,101.40039,0.0
2016-03-27-5-54-13PM,1459072453246,1459072449767,2016-03-27-5-54-09PM,network,1.2944477,103.7692954,83.2,-1.0,-1.0,-1.0
2016-03-27-5-54-26PM,1459072466718,1459072467000,2016-03-27-5-54-27PM,gps,1.2944434801822229,103.76986572036498,24.0,13.67576124371252,101.40039,0.0
2016-03-27-5-54-33PM,1459072473270,1459072469775,2016-03-27-5-54-29PM,network,1.2944361,103.7694253,80.524,-1.0,-1.0,-1.0
2016-03-27-5-54-40PM,1459072480718,1459072481000,2016-03-27-5-54-41PM,gps,1.2944436373076549,103.76986461016763,24.0,13.796083697663018,101.40039,0.0
2016-03-27-5-54-50PM,1459072490729,1459072491000,2016-03-27-5-54-51PM,gps,1.2944436373076549,103.76986461016763,16.0,13.619180206115818,101.40039,0.0
2016-03-27-5-55-01PM,1459072501715,1459072502000,2016-03-27-5-55-02PM,gps,1.2944436373076549,103.76986461016763,16.0,13.605208055307441,101.40039,0.0
2016-03-27-5-55-11PM,1459072511716,1459072512000,2016-03-27-5-55-12PM,gps,1.2944436373076549,103.76986461016763,24.0,13.72808015936332,101.40039,0.0
2016-03-27-5-55-34PM,1459072534340,1459072523031,2016-03-27-5-55-23PM,network,1.2953282,103.7694555,108.0,-1.0,-1.0,-1.0
2016-03-27-5-55-54PM,1459072554308,1459072542998,2016-03-27-5-55-42PM,network,1.2935671,103.7694772,27.0,-1.0,-1.0,-1.0
2016-03-27-5-56-10PM,1459072570726,1459072571000,2016-03-27-5-56-11PM,gps,1.2943775179928347,103.76970075985567,24.0,14.716948568958163,101.40039,0.0
2016-03-27-5-56-34PM,1459072594334,1459072586845,2016-03-27-5-56-26PM,network,1.2946025,103.7695191,95.852,-1.0,-1.0,-1.0
2016-03-27-5-56-40PM,1459072600728,1459072601000,2016-03-27-5-56-41PM,gps,1.2944228395954753,103.76970788672193,24.0,14.700746595733326,101.40039,0.0
2016-03-27-5-56-50PM,1459072610726,1459072611000,2016-03-27-5-56-51PM,gps,1.294348300184934,103.76979381135972,24.0,14.282681743372054,84.92103,0.251363
2016-03-27-5-57-00PM,1459072620715,1459072621000,2016-03-27-5-57-01PM,gps,1.2943852572606336,103.76980104510739,8.0,14.44363738325318,100.19057,0.19332732
2016-03-27-5-57-10PM,1459072630740,1459072631000,2016-03-27-5-57-11PM,gps,1.2944092948270443,103.76978160730434,32.0,12.384419594376563,258.73636,0.30251357
2016-03-27-5-57-20PM,1459072640739,1459072641000,2016-03-27-5-57-21PM,gps,1.2944115043021729,103.7697884625813,16.0,12.307501279921249,305.4015,0.0
2016-03-27-5-57-30PM,1459072650727,1459072651000,2016-03-27-5-57-31PM,gps,1.294348080853121,103.76984864759754,16.0,12.533431206311226,157.472,0.0
2016-03-27-5-57-40PM,1459072660717,1459072661000,2016-03-27-5-57-41PM,gps,1.2943472287501727,103.769861171245,12.0,12.602131404327842,109.3109,0.28384465
2016-03-27-5-57-50PM,1459072670707,1459072671000,2016-03-27-5-57-51PM,gps,1.2943472286020579,103.76986117116937,24.0,12.675905339907388,109.3109,0.018030271
2016-03-27-5-58-00PM,1459072680713,1459072681000,2016-03-27-5-58-01PM,gps,1.2943565629469962,103.76985715317139,16.0,13.039610030578757,109.3109,0.0021506525
2016-03-27-5-58-10PM,1459072690716,1459072691000,2016-03-27-5-58-11PM,gps,1.2943560357263901,103.76985368400314,16.0,13.472515514352216,109.3109,0.0
2016-03-27-5-58-20PM,1459072700719,1459072701000,2016-03-27-5-58-21PM,gps,1.2943560356537638,103.76985368391851,16.0,13.885008158154715,109.3109,0.0
2016-03-27-5-58-30PM,1459072710720,1459072711000,2016-03-27-5-58-31PM,gps,1.2943584617731698,103.76983108972338,16.0,14.63504958576927,292.39563,0.78254634
2016-03-27-5-58-35PM,1459072715816,1459072712947,2016-03-27-5-58-32PM,network,1.2943183,103.7693225,70.957,-1.0,-1.0,-1.0
2016-03-27-5-58-56PM,1459072736247,1459072731123,2016-03-27-5-58-51PM,network,1.2943908,103.7692875,47.233,-1.0,-1.0,-1.0
2016-03-27-5-59-22PM,1459072762181,1459072757149,2016-03-27-5-59-17PM,network,1.2969607,103.7696502,500.0,-1.0,-1.0,-1.0
2016-03-27-5-59-37PM,1459072777715,1459072774185,2016-03-27-5-59-34PM,network,1.2942683,103.7690631,41.138,-1.0,-1.0,-1.0
2016-03-27-5-59-53PM,1459072793868,1459072793999,2016-03-27-5-59-53PM,gps,1.2955003526077014,103.76970523779161,24.0,13.547191878174564,348.75476,5.2324233
2016-03-27-6-00-03PM,1459072803733,1459072803999,2016-03-27-6-00-03PM,gps,1.2961925174765123,103.769518948254,32.0,12.513996430540068,348.39243,5.099129
2016-03-27-6-00-18PM,1459072818458,1459072814786,2016-03-27-6-00-14PM,network,1.29624,103.7697359,79.528,-1.0,-1.0,-1.0
2016-03-27-6-00-38PM,1459072838260,1459072829285,2016-03-27-6-00-29PM,network,1.2962236,103.7698401,34.5,-1.0,-1.0,-1.0
2016-03-27-6-00-58PM,1459072858980,1459072858501,2016-03-27-6-00-58PM,network,1.2968819,103.7727353,105.296,-1.0,-1.0,-1.0
2016-03-27-6-01-19PM,1459072879898,1459072876240,2016-03-27-6-01-16PM,network,1.2971371,103.7726265,45.07,-1.0,-1.0,-1.0
2016-03-27-6-01-40PM,1459072900144,1459072889073,2016-03-27-6-01-29PM,network,1.2969939,103.7725597,28.162,-1.0,-1.0,-1.0
2016-03-27-6-01-57PM,1459072917580,1459072917570,2016-03-27-6-01-57PM,network,1.297045,103.7726063,40.5,-1.0,-1.0,-1.0
2016-03-27-6-02-09PM,1459072929710,1459072929603,2016-03-27-6-02-09PM,network,1.2993085,103.7743712,85.133,-1.0,-1.0,-1.0
2016-03-27-6-02-14PM,1459072934755,1459072934999,2016-03-27-6-02-14PM,gps,1.2991706466651554,103.7743094867172,32.0,53.864840975789335,7.051195,5.376583
2016-03-27-6-02-26PM,1459072946722,1459072946999,2016-03-27-6-02-26PM,gps,1.299556674636531,103.77460590086105,16.0,16.398374163073306,26.883131,4.2052245
2016-03-27-6-02-36PM,1459072956716,1459072956999,2016-03-27-6-02-36PM,gps,1.2995670128381707,103.7748595667893,16.0,16.614103411737954,127.624176,3.308928
2016-03-27-6-02-41PM,1459072961888,1459072960813,2016-03-27-6-02-40PM,network,1.2992555,103.7744526,40.5,-1.0,-1.0,-1.0
2016-03-27-6-02-56PM,1459072976718,1459072976999,2016-03-27-6-02-56PM,gps,1.298744823819307,103.77530568495506,24.0,11.964344400485533,109.71964,4.217929
2016-03-27-6-03-01PM,1459072981994,1459072979077,2016-03-27-6-02-59PM,network,1.2988448,103.7757051,25.735,-1.0,-1.0,-1.0
2016-03-27-6-03-21PM,1459073001893,1459072998037,2016-03-27-6-03-18PM,network,1.2988095,103.7757547,30.0,-1.0,-1.0,-1.0
2016-03-27-6-03-45PM,1459073025712,1459073025999,2016-03-27-6-03-45PM,gps,1.2988852168879208,103.77634357636789,24.0,21.79365255917005,115.89215,1.0782914
2016-03-27-6-04-04PM,1459073044727,1459073044999,2016-03-27-6-04-04PM,gps,1.2983892217557444,103.77716994777573,48.0,31.342051029191246,117.83379,2.1364307
2016-03-27-6-04-14PM,1459073054724,1459073054999,2016-03-27-6-04-14PM,gps,1.2977125006414643,103.77760453103677,32.0,35.43452012431433,115.18405,5.6837645
2016-03-27-6-04-21PM,1459073061937,1459073058785,2016-03-27-6-04-18PM,network,1.2978491,103.7764008,24.0,-1.0,-1.0,-1.0
2016-03-27-6-04-34PM,1459073074745,1459073074999,2016-03-27-6-04-34PM,gps,1.2973250982822921,103.77837315573666,24.0,36.522740982158275,101.87414,4.223753
2016-03-27-6-04-44PM,1459073084792,1459073084999,2016-03-27-6-04-44PM,gps,1.2972815600108318,103.77827733799103,24.0,37.40945640636049,115.35684,1.2774637
2016-03-27-6-04-58PM,1459073098760,1459073098999,2016-03-27-6-04-58PM,gps,1.297238505657014,103.77829180328864,24.0,35.802229901531135,110.077675,1.8345464
2016-03-27-6-05-04PM,1459073104593,1459073102915,2016-03-27-6-05-02PM,network,1.2980772,103.7786773,30.0,-1.0,-1.0,-1.0
2016-03-27-6-05-24PM,1459073124866,1459073115423,2016-03-27-6-05-15PM,network,1.2980158,103.7787209,37.5,-1.0,-1.0,-1.0
2016-03-27-6-05-45PM,1459073145793,1459073143424,2016-03-27-6-05-43PM,network,1.2972988,103.7794878,108.62,-1.0,-1.0,-1.0
2016-03-27-6-06-05PM,1459073165626,1459073162406,2016-03-27-6-06-02PM,network,1.2973589,103.7807019,36.0,-1.0,-1.0,-1.0
2016-03-27-6-06-25PM,1459073185886,1459073184892,2016-03-27-6-06-24PM,network,1.2971922,103.7818314,45.0,-1.0,-1.0,-1.0
2016-03-27-6-06-42PM,1459073202702,1459073202999,2016-03-27-6-06-42PM,gps,1.2967953138120512,103.7827791762927,24.0,51.33545798052259,136.31187,2.886354
2016-03-27-6-06-54PM,1459073214722,1459073214999,2016-03-27-6-06-54PM,gps,1.2966722727893245,103.78357892910324,32.0,34.687140745921006,99.31035,5.2763724
2016-03-27-6-07-04PM,1459073224719,1459073224999,2016-03-27-6-07-04PM,gps,1.2962520076496191,103.78420870210441,32.0,21.079482985388463,95.17681,2.910642
2016-03-27-6-07-14PM,1459073234758,1459073234999,2016-03-27-6-07-14PM,gps,1.2956131838511953,103.784372492136,16.0,18.788832938264957,145.16309,7.29043
2016-03-27-6-07-24PM,1459073244720,1459073244999,2016-03-27-6-07-24PM,gps,1.2950631984633918,103.78460896044854,12.0,22.311837275015694,136.9608,4.532384
2016-03-27-6-07-34PM,1459073254717,1459073254999,2016-03-27-6-07-34PM,gps,1.2949828788453768,103.78465293411706,6.0,24.77208876685298,137.29633,0.0
2016-03-27-6-07-44PM,1459073264718,1459073264999,2016-03-27-6-07-44PM,gps,1.2949828788453768,103.78465293411706,8.0,25.29441626370238,137.29633,0.0
2016-03-27-6-07-54PM,1459073274721,1459073274999,2016-03-27-6-07-54PM,gps,1.2949828788453768,103.78465293411706,16.0,25.340704142105967,137.29633,0.0
2016-03-27-6-08-04PM,1459073284718,1459073285000,2016-03-27-6-08-05PM,gps,1.2949828788453768,103.78465293411706,8.0,25.53511831587418,137.29633,0.0
2016-03-27-6-08-14PM,1459073294721,1459073295000,2016-03-27-6-08-15PM,gps,1.2949828788453768,103.78465293411706,12.0,25.793222029363317,137.29633,0.0
2016-03-27-6-08-24PM,1459073304727,1459073305000,2016-03-27-6-08-25PM,gps,1.2949828788453768,103.78465293411706,24.0,25.929396845788354,137.29633,0.0
2016-03-27-6-08-34PM,1459073314725,1459073315000,2016-03-27-6-08-35PM,gps,1.2949828788453768,103.78465293411706,12.0,25.887554768784792,137.29633,0.0
2016-03-27-6-08-44PM,1459073324721,1459073325000,2016-03-27-6-08-45PM,gps,1.2949828788453768,103.78465293411706,12.0,25.720378769399613,137.29633,0.0
2016-03-27-6-08-54PM,1459073334723,1459073335000,2016-03-27-6-08-55PM,gps,1.2949828788453768,103.78465293411706,16.0,25.772806177562646,137.29633,0.0
2016-03-27-6-09-04PM,1459073344723,1459073345000,2016-03-27-6-09-05PM,gps,1.2949828788453768,103.78465293411706,16.0,25.94705844005181,137.29633,0.0
2016-03-27-6-09-14PM,1459073354730,1459073355000,2016-03-27-6-09-15PM,gps,1.2949828788453768,103.78465293411706,12.0,26.14690160321811,137.29633,0.0
2016-03-27-6-09-24PM,1459073364718,1459073365000,2016-03-27-6-09-25PM,gps,1.2949828788453768,103.78465293411706,16.0,26.227928707540748,137.29633,0.0
2016-03-27-6-09-34PM,1459073374716,1459073375000,2016-03-27-6-09-35PM,gps,1.2949828788453768,103.78465293411706,12.0,26.407661917437782,137.29633,0.0
2016-03-27-6-09-44PM,1459073384716,1459073385000,2016-03-27-6-09-45PM,gps,1.2949828788453768,103.78465293411706,16.0,26.588379540436566,137.29633,0.0
2016-03-27-6-09-54PM,1459073394722,1459073395000,2016-03-27-6-09-55PM,gps,1.2949828788453768,103.78465293411706,8.0,26.857204245921668,137.29633,0.0
2016-03-27-6-10-04PM,1459073404725,1459073405000,2016-03-27-6-10-05PM,gps,1.2949828788453768,103.78465293411706,12.0,26.996376481780164,137.29633,0.0
2016-03-27-6-10-11PM,1459073411047,1459073410934,2016-03-27-6-10-10PM,network,1.2955564,103.7854655,253.5,-1.0,-1.0,-1.0
2016-03-27-6-10-24PM,1459073424718,1459073425000,2016-03-27-6-10-25PM,gps,1.2949828788453768,103.78465293411706,12.0,27.128520613497624,137.29633,0.0
2016-03-27-6-10-31PM,1459073431065,1459073422878,2016-03-27-6-10-22PM,network,1.29562,103.7857186,64.5,-1.0,-1.0,-1.0
2016-03-27-6-10-44PM,1459073444714,1459073445000,2016-03-27-6-10-45PM,gps,1.2949828788453768,103.78465293411706,8.0,27.121653710952334,137.29633,0.0
2016-03-27-6-10-51PM,1459073451107,1459073448837,2016-03-27-6-10-48PM,network,1.2946682,103.7842457,30.0,-1.0,-1.0,-1.0
2016-03-27-6-11-04PM,1459073464724,1459073465000,2016-03-27-6-11-05PM,gps,1.2949828788453768,103.78465293411706,12.0,27.58202258141127,137.29633,0.0
2016-03-27-6-11-12PM,1459073472631,1459073470953,2016-03-27-6-11-10PM,network,1.2946437,103.7842688,36.0,-1.0,-1.0,-1.0
2016-03-27-6-11-24PM,1459073484739,1459073485000,2016-03-27-6-11-25PM,gps,1.2950280193743837,103.78467280459557,8.0,27.217823368883725,76.19418,0.0
2016-03-27-6-11-32PM,1459073492640,1459073486557,2016-03-27-6-11-26PM,network,1.2947125,103.7843025,36.0,-1.0,-1.0,-1.0
2016-03-27-6-11-44PM,1459073504736,1459073505000,2016-03-27-6-11-45PM,gps,1.2950280193743837,103.78467280459557,12.0,27.719909069884306,76.19418,0.0
2016-03-27-6-11-52PM,1459073512778,1459073508741,2016-03-27-6-11-48PM,network,1.2956627,103.7857756,179.087,-1.0,-1.0,-1.0
2016-03-27-6-12-04PM,1459073524734,1459073525000,2016-03-27-6-12-05PM,gps,1.2950280193743837,103.78467280459557,16.0,28.39003330731919,76.19418,0.0
2016-03-27-6-12-12PM,1459073532732,1459073522703,2016-03-27-6-12-02PM,network,1.2956702,103.7857614,51.0,-1.0,-1.0,-1.0
2016-03-27-6-12-24PM,1459073544740,1459073545000,2016-03-27-6-12-25PM,gps,1.295028023736419,103.78467274530672,16.0,28.917276272952176,76.19418,0.0
2016-03-27-6-12-32PM,1459073552751,1459073551695,2016-03-27-6-12-31PM,network,1.2946632,103.7842839,20.724,-1.0,-1.0,-1.0
2016-03-27-6-12-49PM,1459073569725,1459073570000,2016-03-27-6-12-50PM,gps,1.295028023736419,103.78467274530672,32.0,28.65714786874714,76.19418,0.0
2016-03-27-6-13-01PM,1459073581737,1459073582000,2016-03-27-6-13-02PM,gps,1.295028023736419,103.78467274530672,16.0,28.325388835246176,76.19418,0.0
2016-03-27-6-13-11PM,1459073591721,1459073592000,2016-03-27-6-13-12PM,gps,1.295028023736419,103.78467274530672,16.0,28.03876528373448,76.19418,0.0
2016-03-27-6-13-23PM,1459073603736,1459073604000,2016-03-27-6-13-24PM,gps,1.295028023736419,103.78467274530672,24.0,27.53695384260315,76.19418,0.0
2016-03-27-6-13-33PM,1459073613034,1459073612737,2016-03-27-6-13-32PM,network,1.2946704,103.7842578,30.0,-1.0,-1.0,-1.0
2016-03-27-6-13-44PM,1459073624733,1459073625000,2016-03-27-6-13-45PM,gps,1.295028023736419,103.78467274530672,16.0,27.38017413350212,76.19418,0.0
2016-03-27-6-13-53PM,1459073633121,1459073628748,2016-03-27-6-13-48PM,network,1.2946707,103.7842651,30.0,-1.0,-1.0,-1.0
2016-03-27-6-14-04PM,1459073644730,1459073645000,2016-03-27-6-14-05PM,gps,1.295028023736419,103.78467274530672,24.0,27.901618723221766,76.19418,0.0
2016-03-27-6-14-13PM,1459073653017,1459073648713,2016-03-27-6-14-08PM,network,1.2946895,103.7842766,36.0,-1.0,-1.0,-1.0
2016-03-27-6-14-39PM,1459073679010,1459073673340,2016-03-27-6-14-33PM,network,1.2939423,103.7863093,500.0,-1.0,-1.0,-1.0
2016-03-27-6-14-53PM,1459073693485,1459073687039,2016-03-27-6-14-47PM,network,1.2946067,103.7843732,39.0,-1.0,-1.0,-1.0
2016-03-27-6-15-14PM,1459073714773,1459073714736,2016-03-27-6-15-14PM,network,1.2946839,103.7843068,40.5,-1.0,-1.0,-1.0
2016-03-27-6-15-37PM,1459073737936,1459073737878,2016-03-27-6-15-37PM,network,1.2946977,103.7843008,40.5,-1.0,-1.0,-1.0
2016-03-27-6-15-58PM,1459073758609,1459073757897,2016-03-27-6-15-57PM,network,1.2946408,103.7843299,40.5,-1.0,-1.0,-1.0
2016-03-27-6-16-14PM,1459073774256,1459073774190,2016-03-27-6-16-14PM,network,1.2946408,103.7843299,40.5,-1.0,-1.0,-1.0
2016-03-27-6-16-33PM,1459073793883,1459073790768,2016-03-27-6-16-30PM,network,1.2947835,103.784176,43.5,-1.0,-1.0,-1.0
2016-03-27-6-17-14PM,1459073834104,1459073828179,2016-03-27-6-17-08PM,network,1.2947838,103.784176,40.5,-1.0,-1.0,-1.0
2016-03-27-6-17-38PM,1459073858067,1459073858025,2016-03-27-6-17-38PM,network,1.2946969,103.7842018,30.0,-1.0,-1.0,-1.0
2016-03-27-6-17-54PM,1459073874578,1459073872186,2016-03-27-6-17-52PM,network,1.294688,103.7841807,24.688,-1.0,-1.0,-1.0
2016-03-27-6-18-19PM,1459073899077,1459073894014,2016-03-27-6-18-14PM,network,1.298632,103.7848606,600.0,-1.0,-1.0,-1.0
2016-03-27-6-18-37PM,1459073917980,1459073917902,2016-03-27-6-18-37PM,network,1.294691,103.7841647,48.165,-1.0,-1.0,-1.0
2016-03-27-6-18-57PM,1459073937043,1459073936995,2016-03-27-6-18-56PM,network,1.2943376,103.7838178,43.574,-1.0,-1.0,-1.0
2016-03-27-6-19-14PM,1459073954870,1459073950834,2016-03-27-6-19-10PM,network,1.2943221,103.783934,45.0,-1.0,-1.0,-1.0
2016-03-27-6-19-37PM,1459073977362,1459073962171,2016-03-27-6-19-22PM,network,1.2944394,103.7842757,27.0,-1.0,-1.0,-1.0
2016-03-27-6-19-57PM,1459073997026,1459073982111,2016-03-27-6-19-42PM,network,1.2944388,103.7842759,28.0,-1.0,-1.0,-1.0
2016-03-27-6-20-17PM,1459074017187,1459074016957,2016-03-27-6-20-16PM,network,1.294346,103.784662,942.0,-1.0,-1.0,-1.0
2016-03-27-6-20-40PM,1459074040057,1459074037461,2016-03-27-6-20-37PM,network,1.2941626,103.7837877,52.077,-1.0,-1.0,-1.0
2016-03-27-6-21-01PM,1459074061505,1459074061432,2016-03-27-6-21-01PM,network,1.294659,103.7841169,43.126,-1.0,-1.0,-1.0
2016-03-27-6-21-21PM,1459074081790,1459074081745,2016-03-27-6-21-21PM,network,1.294697,103.7841698,25.839,-1.0,-1.0,-1.0
2016-03-27-6-21-44PM,1459074104053,1459074104004,2016-03-27-6-21-44PM,network,1.2946772,103.7841576,46.756,-1.0,-1.0,-1.0
2016-03-27-6-22-04PM,1459074124018,1459074123972,2016-03-27-6-22-03PM,network,1.294666,103.784151,56.092,-1.0,-1.0,-1.0
2016-03-27-6-22-24PM,1459074144068,1459074144026,2016-03-27-6-22-24PM,network,1.2946947,103.7841559,47.936,-1.0,-1.0,-1.0
2016-03-27-6-22-40PM,1459074160048,1459074159465,2016-03-27-6-22-39PM,network,1.2946776,103.7841385,57.259,-1.0,-1.0,-1.0
2016-03-27-6-22-59PM,1459074179897,1459074179855,2016-03-27-6-22-59PM,network,1.294681,103.7841562,46.951,-1.0,-1.0,-1.0
2016-03-27-6-23-23PM,1459074203975,1459074203933,2016-03-27-6-23-23PM,network,1.2947011,103.7841513,48.154,-1.0,-1.0,-1.0
2016-03-27-6-24-05PM,1459074245349,1459074245288,2016-03-27-6-24-05PM,network,1.2946885,103.7841771,48.707,-1.0,-1.0,-1.0
2016-03-27-6-24-25PM,1459074265531,1459074265420,2016-03-27-6-24-25PM,network,1.2946991,103.7841776,25.751,-1.0,-1.0,-1.0
2016-03-27-6-24-45PM,1459074285397,1459074285321,2016-03-27-6-24-45PM,network,1.2946647,103.7841643,46.256,-1.0,-1.0,-1.0
2016-03-27-6-25-01PM,1459074301146,1459074296082,2016-03-27-6-24-56PM,network,1.2946914,103.7841682,25.419,-1.0,-1.0,-1.0
2016-03-27-6-25-25PM,1459074325376,1459074325320,2016-03-27-6-25-25PM,network,1.2946767,103.7841712,24.062,-1.0,-1.0,-1.0
2016-03-27-6-25-45PM,1459074345469,1459074345429,2016-03-27-6-25-45PM,network,1.294658,103.7841337,53.85,-1.0,-1.0,-1.0
2016-03-27-6-26-05PM,1459074365557,1459074365524,2016-03-27-6-26-05PM,network,1.2942782,103.7837819,48.235,-1.0,-1.0,-1.0
2016-03-27-6-26-21PM,1459074381414,1459074378227,2016-03-27-6-26-18PM,network,1.2946796,103.7841567,62.466,-1.0,-1.0,-1.0
2016-03-27-6-26-29PM,1459074389443,1459074390000,2016-03-27-6-26-30PM,gps,1.294366607857723,103.78437882434977,48.0,-6.671699662591248,117.02009,0.8143214
2016-03-27-6-26-41PM,1459074401397,1459074402000,2016-03-27-6-26-42PM,gps,1.2943506212615792,103.7844348852425,32.0,1.5254106941171222,117.02009,0.0
2016-03-27-6-26-51PM,1459074411418,1459074412000,2016-03-27-6-26-52PM,gps,1.294426198732766,103.7845008854714,32.0,2.756933183851085,117.02009,0.0
2016-03-27-6-27-22PM,1459074442298,1459074437796,2016-03-27-6-27-17PM,network,1.2946412,103.784229,39.95,-1.0,-1.0,-1.0
2016-03-27-6-27-32PM,1459074452405,1459074453000,2016-03-27-6-27-33PM,gps,1.2940193830322102,103.78446386537915,48.0,14.420313650802093,40.19471,1.421901
2016-03-27-6-27-42PM,1459074462424,1459074463000,2016-03-27-6-27-43PM,gps,1.2944820602297975,103.78448789387217,16.0,17.80653618213638,337.40573,0.0
2016-03-27-6-27-52PM,1459074472411,1459074473000,2016-03-27-6-27-53PM,gps,1.2944112622319799,103.78452529638014,12.0,23.36683990780614,147.98972,1.304843
2016-03-27-6-28-02PM,1459074482318,1459074474558,2016-03-27-6-27-54PM,network,1.2946241,103.7842781,35.715,-1.0,-1.0,-1.0
2016-03-27-6-28-12PM,1459074492423,1459074493000,2016-03-27-6-28-13PM,gps,1.2943409922769344,103.78467399196316,12.0,30.576549825168726,132.96567,1.2277817
2016-03-27-6-28-22PM,1459074502425,1459074503000,2016-03-27-6-28-23PM,gps,1.2942661475863086,103.78478104031856,16.0,32.81120024655146,146.21764,1.1098584
2016-03-27-6-28-32PM,1459074512414,1459074513000,2016-03-27-6-28-33PM,gps,1.2941836589440565,103.78465531817729,16.0,35.74021736720117,260.20068,1.4192328
2016-03-27-6-28-42PM,1459074522419,1459074523000,2016-03-27-6-28-43PM,gps,1.2941321081477493,103.7845637131953,16.0,41.445686481244735,275.83978,1.1306403
2016-03-27-6-28-52PM,1459074532445,1459074533000,2016-03-27-6-28-53PM,gps,1.2941395342715516,103.7846369775974,16.0,44.23132728929134,87.15561,1.156706
2016-03-27-6-29-02PM,1459074542416,1459074543000,2016-03-27-6-29-03PM,gps,1.2941208713640162,103.78480291360174,16.0,45.38738383838433,117.96219,1.1194108
2016-03-27-6-29-12PM,1459074552430,1459074553000,2016-03-27-6-29-13PM,gps,1.2940053624856191,103.78479803796738,16.0,44.39873781738165,221.52455,1.1172119
2016-03-27-6-29-22PM,1459074562428,1459074563000,2016-03-27-6-29-23PM,gps,1.2938674097607608,103.78482824516719,12.0,43.67659067767745,126.37179,1.2517297
2016-03-27-6-29-32PM,1459074572413,1459074573000,2016-03-27-6-29-33PM,gps,1.2937381103983026,103.78480130492602,8.0,44.01884521550489,197.31097,1.3167522
2016-03-27-6-29-42PM,1459074582411,1459074583000,2016-03-27-6-29-43PM,gps,1.2936147513957013,103.78479213073231,8.0,44.5451644695701,177.78206,1.2016258
2016-03-27-6-29-52PM,1459074592416,1459074593000,2016-03-27-6-29-53PM,gps,1.2934833072324745,103.784782572043,8.0,45.50233923975473,202.03172,1.0710123
2016-03-27-6-30-02PM,1459074602434,1459074603000,2016-03-27-6-30-03PM,gps,1.2933877167064334,103.78480336397749,16.0,46.25502936943184,182.82074,1.0775589
2016-03-27-6-30-12PM,1459074612460,1459074613000,2016-03-27-6-30-13PM,gps,1.2932981714155891,103.78485593445038,8.0,46.790958806752066,164.01924,0.6357626
2016-03-27-6-30-22PM,1459074622427,1459074623000,2016-03-27-6-30-23PM,gps,1.2932372441619515,103.78484312804106,16.0,48.32176297597889,235.65048,0.89982873
2016-03-27-6-30-32PM,1459074632418,1459074633000,2016-03-27-6-30-33PM,gps,1.2931386901360011,103.78479436358408,8.0,51.19334773351718,238.3336,0.9013694
2016-03-27-6-30-42PM,1459074642417,1459074643000,2016-03-27-6-30-43PM,gps,1.2930470944694692,103.78475064089527,16.0,53.306031300393215,230.49014,1.0225611
2016-03-27-6-30-52PM,1459074652426,1459074653000,2016-03-27-6-30-53PM,gps,1.2930169447198794,103.78467667998358,16.0,53.85172292896486,245.5996,1.0390353
2016-03-27-6-31-02PM,1459074662427,1459074663000,2016-03-27-6-31-03PM,gps,1.292935715548422,103.78461829721623,24.0,55.16424209340319,227.96126,0.9355152
2016-03-27-6-31-12PM,1459074672422,1459074673000,2016-03-27-6-31-13PM,gps,1.2927888856897094,103.78453377957065,8.0,56.14576239930081,217.88121,1.1510369
2016-03-27-6-31-22PM,1459074682424,1459074683000,2016-03-27-6-31-23PM,gps,1.2926926620392276,103.7844626140296,12.0,55.97907352741159,247.60443,1.0962658
2016-03-27-6-31-32PM,1459074692500,1459074693000,2016-03-27-6-31-33PM,gps,1.2926304177145498,103.78437081459039,8.0,56.19706907674281,233.58282,1.0769111
2016-03-27-6-31-42PM,1459074702429,1459074703000,2016-03-27-6-31-43PM,gps,1.2925091455640885,103.78427711281553,8.0,57.6431230409362,232.80112,1.219055
2016-03-27-6-31-52PM,1459074712511,1459074713000,2016-03-27-6-31-53PM,gps,1.2923999704897062,103.78418804521735,12.0,62.43781170319394,238.50606,1.1256459
2016-03-27-6-32-02PM,1459074722431,1459074723000,2016-03-27-6-32-03PM,gps,1.2923171197021923,103.78413266086956,12.0,66.01901429453137,241.24248,1.1124586
2016-03-27-6-32-12PM,1459074732428,1459074733000,2016-03-27-6-32-13PM,gps,1.2922351042977374,103.78399201953866,8.0,67.89834328364363,209.27542,0.7899613
2016-03-27-6-32-22PM,1459074742463,1459074743000,2016-03-27-6-32-23PM,gps,1.2921918315654644,103.78389852618162,8.0,68.39775495850289,244.2302,1.0732329
2016-03-27-6-32-32PM,1459074752448,1459074753000,2016-03-27-6-32-33PM,gps,1.2921353164855405,103.78380592246182,16.0,68.36545108683994,235.2865,1.1986874
2016-03-27-6-32-42PM,1459074762428,1459074763000,2016-03-27-6-32-43PM,gps,1.2920420654129339,103.78373396566819,24.0,68.54918759169757,233.32289,1.1510053
2016-03-27-6-32-52PM,1459074772431,1459074773000,2016-03-27-6-32-53PM,gps,1.2919586358001423,103.78366533589795,12.0,68.45148677647438,217.53056,1.1195698
2016-03-27-6-33-02PM,1459074782466,1459074783000,2016-03-27-6-33-03PM,gps,1.2918935647988277,103.78356659367323,12.0,67.21977644997875,243.22025,1.2599251
2016-03-27-6-33-12PM,1459074792431,1459074793000,2016-03-27-6-33-13PM,gps,1.291853515994139,103.78347398517315,8.0,65.57471615797871,246.1706,1.1556242
2016-03-27-6-33-22PM,1459074802440,1459074803000,2016-03-27-6-33-23PM,gps,1.2918296557313407,103.78346624059427,16.0,65.8415010200802,156.7858,0.0
2016-03-27-6-33-32PM,1459074812438,1459074813000,2016-03-27-6-33-33PM,gps,1.2918296557313407,103.78346624059427,6.0,65.86301184254026,156.7858,0.0
2016-03-27-6-33-42PM,1459074822444,1459074822999,2016-03-27-6-33-42PM,gps,1.2918296557313407,103.78346624059427,6.0,65.9383490634003,156.7858,0.0
2016-03-27-6-33-52PM,1459074832425,1459074832999,2016-03-27-6-33-52PM,gps,1.2917643101513954,103.78339183115756,6.0,66.43739271227608,239.65483,1.0990793
2016-03-27-6-34-02PM,1459074842463,1459074842999,2016-03-27-6-34-02PM,gps,1.2916598504958565,103.78338584585507,8.0,66.65456382086467,349.99945,1.1633341
2016-03-27-6-34-12PM,1459074852438,1459074852999,2016-03-27-6-34-12PM,gps,1.2917147067929324,103.78329400582766,12.0,66.8903456721195,307.1953,1.2537049
2016-03-27-6-34-22PM,1459074862429,1459074862999,2016-03-27-6-34-22PM,gps,1.2918440402864249,103.78314097167268,6.0,67.12414741973714,316.4,1.1823646
2016-03-27-6-34-32PM,1459074872512,1459074872999,2016-03-27-6-34-32PM,gps,1.291905868159791,103.78307001942959,8.0,67.30526530334481,279.32013,1.1553625
2016-03-27-6-34-42PM,1459074882430,1459074882999,2016-03-27-6-34-42PM,gps,1.2918470344731,103.7829682486086,8.0,67.55177610436876,250.04727,1.1869884
2016-03-27-6-34-52PM,1459074892429,1459074892999,2016-03-27-6-34-52PM,gps,1.291790561971544,103.78283622739308,16.0,68.27916162485353,256.00815,1.1562529
2016-03-27-6-35-02PM,1459074902429,1459074902999,2016-03-27-6-35-02PM,gps,1.2917154948500926,103.78274514754163,16.0,68.25700089617233,229.51535,1.1316704
2016-03-27-6-35-12PM,1459074912433,1459074912999,2016-03-27-6-35-12PM,gps,1.2916477792489145,103.7826489701832,8.0,68.47964472585505,239.63437,1.1793704
2016-03-27-6-35-22PM,1459074922430,1459074922999,2016-03-27-6-35-22PM,gps,1.2915838972686295,103.78256659424069,6.0,68.34947014934467,236.5039,1.1966184
2016-03-27-6-35-32PM,1459074932435,1459074932999,2016-03-27-6-35-32PM,gps,1.291526990141699,103.78243040572576,12.0,68.17111420161572,248.38817,1.2034941
2016-03-27-6-35-42PM,1459074942438,1459074942999,2016-03-27-6-35-42PM,gps,1.291487651314155,103.78232802526186,8.0,68.98749884029455,251.53056,1.1717063
2016-03-27-6-35-52PM,1459074952428,1459074952999,2016-03-27-6-35-52PM,gps,1.2914420388070682,103.78222074003502,16.0,67.84918585803749,262.27496,1.1690577
2016-03-27-6-36-02PM,1459074962428,1459074962999,2016-03-27-6-36-02PM,gps,1.291385161210802,103.78208647085295,8.0,65.5648631150723,245.51427,1.3105663
2016-03-27-6-36-11PM,1459074971210,1459074971155,2016-03-27-6-36-11PM,network,1.2911491,103.7814092,61.351,-1.0,-1.0,-1.0
2016-03-27-6-36-22PM,1459074982425,1459074982999,2016-03-27-6-36-22PM,gps,1.2913203503362536,103.78184688451378,12.0,61.80560303934896,256.72232,1.2654953
2016-03-27-6-36-32PM,1459074992438,1459074992999,2016-03-27-6-36-32PM,gps,1.291275237928071,103.78174562172617,12.0,61.00448922403813,240.65628,1.2685057
2016-03-27-6-36-42PM,1459075002431,1459075002999,2016-03-27-6-36-42PM,gps,1.291243150317809,103.7816309682574,16.0,59.69323124353491,257.09885,1.3356243
2016-03-27-6-36-48PM,1459075008853,1459075007125,2016-03-27-6-36-47PM,network,1.2911568,103.7813412,30.0,-1.0,-1.0,-1.0
2016-03-27-6-37-02PM,1459075022431,1459075022999,2016-03-27-6-37-02PM,gps,1.2911078150634745,103.78142985922194,16.0,56.20691255034327,224.5382,1.4507691
2016-03-27-6-37-10PM,1459075030580,1459075021300,2016-03-27-6-37-01PM,network,1.2911885,103.7813396,30.0,-1.0,-1.0,-1.0
2016-03-27-6-37-22PM,1459075042428,1459075042999,2016-03-27-6-37-22PM,gps,1.2909802807291677,103.78122571038159,12.0,52.76378503029831,246.40968,1.2713625
2016-03-27-6-37-30PM,1459075050706,1459075049687,2016-03-27-6-37-29PM,network,1.2910773,103.7812795,30.0,-1.0,-1.0,-1.0
2016-03-27-6-37-42PM,1459075062430,1459075062999,2016-03-27-6-37-42PM,gps,1.2909187442825183,103.78116186606661,8.0,50.138599560537536,246.73647,0.37420082
2016-03-27-6-37-51PM,1459075071720,1459075069936,2016-03-27-6-37-49PM,network,1.2910367,103.7812881,68.108,-1.0,-1.0,-1.0
2016-03-27-6-38-02PM,1459075082428,1459075082999,2016-03-27-6-38-02PM,gps,1.2907284927677354,103.78106335936592,12.0,46.11076723173175,176.51675,0.65918463
2016-03-27-6-38-11PM,1459075091728,1459075084158,2016-03-27-6-38-04PM,network,1.2905397,103.781268,51.619,-1.0,-1.0,-1.0
2016-03-27-6-38-22PM,1459075102429,1459075102999,2016-03-27-6-38-22PM,gps,1.2906464989823272,103.78101549374988,8.0,45.318333929586096,286.04053,1.0621938
2016-03-27-6-38-32PM,1459075112906,1459075112999,2016-03-27-6-38-32PM,gps,1.2906328495047272,103.78091807981082,12.0,45.07888140285189,266.57965,1.1823338
2016-03-27-6-38-42PM,1459075122438,1459075122999,2016-03-27-6-38-42PM,gps,1.2906731379837741,103.78085755393032,16.0,42.41837104084137,307.81714,1.3170488
2016-03-27-6-38-52PM,1459075132600,1459075132999,2016-03-27-6-38-52PM,gps,1.29074871651582,103.78082227840987,12.0,41.15393974944052,304.13068,0.8134611
2016-03-27-6-39-02PM,1459075142429,1459075142999,2016-03-27-6-39-02PM,gps,1.2907307437153346,103.780680938801,24.0,40.34335587710568,221.43509,0.93236977
2016-03-27-6-39-12PM,1459075152214,1459075146995,2016-03-27-6-39-06PM,network,1.2906788,103.7806111,20.0,-1.0,-1.0,-1.0
2016-03-27-6-39-22PM,1459075162425,1459075162999,2016-03-27-6-39-22PM,gps,1.2907230952484974,103.780496949239,24.0,41.127411396752144,286.4962,0.6907767
2016-03-27-6-39-32PM,1459075172225,1459075169135,2016-03-27-6-39-29PM,network,1.2907232,103.7804969,56.466,-1.0,-1.0,-1.0
