2016-03-27-4-27-03PM,1459067223963,8.0,3
2016-03-27-4-27-03PM,1459067223969,8.0,3
2016-03-27-4-33-57PM,1459067637106,0.0,3
2016-03-27-4-33-57PM,1459067637205,8.0,3
2016-03-27-4-41-19PM,1459068079784,0.0,3
2016-03-27-4-41-19PM,1459068079935,8.0,3
2016-03-27-4-42-50PM,1459068170537,0.0,3
2016-03-27-4-42-50PM,1459068170786,8.0,3
2016-03-27-4-42-53PM,1459068173779,0.0,3
2016-03-27-4-42-54PM,1459068174074,8.0,3
2016-03-27-4-42-54PM,1459068174245,0.0,3
2016-03-27-4-42-54PM,1459068174326,8.0,3
2016-03-27-4-44-14PM,1459068254575,0.0,3
2016-03-27-4-44-15PM,1459068255689,8.0,3
2016-03-27-4-44-15PM,1459068255760,0.0,3
2016-03-27-4-44-31PM,1459068271746,8.0,3
2016-03-27-4-45-05PM,1459068305834,0.0,3
2016-03-27-4-45-06PM,1459068306275,8.0,3
2016-03-27-4-55-34PM,1459068934413,0.0,3
2016-03-27-4-55-35PM,1459068935915,8.0,3
2016-03-27-4-55-52PM,1459068952266,0.0,3
2016-03-27-4-55-52PM,1459068952381,8.0,3
2016-03-27-4-55-54PM,1459068954648,0.0,3
2016-03-27-4-55-54PM,1459068954756,8.0,3
2016-03-27-4-56-21PM,1459068981000,0.0,3
2016-03-27-4-56-21PM,1459068981134,8.0,3
2016-03-27-4-56-26PM,1459068986495,0.0,3
2016-03-27-4-56-26PM,1459068986727,8.0,3
2016-03-27-4-56-58PM,1459069018600,0.0,3
2016-03-27-4-56-58PM,1459069018697,8.0,3
2016-03-27-4-57-31PM,1459069051294,0.0,3
2016-03-27-4-57-31PM,1459069051414,8.0,3
2016-03-27-4-57-34PM,1459069054911,0.0,3
2016-03-27-4-57-35PM,1459069055565,8.0,3
2016-03-27-4-57-35PM,1459069055817,0.0,3
2016-03-27-4-57-36PM,1459069056424,8.0,3
2016-03-27-4-57-41PM,1459069061764,0.0,3
2016-03-27-4-57-42PM,1459069062095,8.0,3
2016-03-27-4-57-42PM,1459069062384,0.0,3
2016-03-27-4-57-42PM,1459069062852,8.0,3
2016-03-27-4-57-43PM,1459069063909,0.0,3
2016-03-27-4-57-44PM,1459069064117,8.0,3
2016-03-27-4-57-45PM,1459069065560,0.0,3
2016-03-27-4-57-45PM,1459069065792,8.0,3
2016-03-27-4-57-46PM,1459069066792,0.0,3
2016-03-27-4-57-47PM,1459069067238,8.0,3
2016-03-27-4-57-47PM,1459069067355,0.0,3
2016-03-27-4-57-47PM,1459069067664,8.0,3
2016-03-27-4-58-33PM,1459069113624,0.0,3
2016-03-27-4-58-33PM,1459069113837,8.0,3
2016-03-27-4-58-34PM,1459069114541,0.0,3
2016-03-27-4-58-35PM,1459069115666,8.0,3
2016-03-27-4-58-37PM,1459069117985,0.0,3
2016-03-27-4-58-39PM,1459069119504,8.0,3
2016-03-27-4-58-47PM,1459069127064,0.0,3
2016-03-27-4-58-47PM,1459069127988,8.0,3
2016-03-27-4-58-50PM,1459069130442,0.0,3
2016-03-27-4-58-52PM,1459069132013,8.0,3
2016-03-27-4-59-04PM,1459069144775,0.0,3
2016-03-27-4-59-05PM,1459069145182,8.0,3
2016-03-27-4-59-12PM,1459069152235,0.0,3
2016-03-27-4-59-13PM,1459069153601,8.0,3
2016-03-27-4-59-18PM,1459069158530,0.0,3
2016-03-27-4-59-18PM,1459069158843,8.0,3
2016-03-27-4-59-43PM,1459069183639,0.0,3
2016-03-27-4-59-45PM,1459069185648,8.0,3
2016-03-27-4-59-52PM,1459069192938,0.0,3
2016-03-27-4-59-53PM,1459069193718,8.0,3
2016-03-27-4-59-54PM,1459069194615,0.0,3
2016-03-27-4-59-56PM,1459069196410,8.0,3
2016-03-27-4-59-58PM,1459069198905,0.0,3
2016-03-27-5-00-04PM,1459069204211,8.0,3
2016-03-27-5-00-04PM,1459069204679,0.0,3
2016-03-27-5-00-06PM,1459069206008,8.0,3
2016-03-27-5-00-09PM,1459069209002,0.0,3
2016-03-27-5-00-09PM,1459069209217,8.0,3
2016-03-27-5-00-11PM,1459069211734,0.0,3
2016-03-27-5-00-15PM,1459069215240,8.0,3
2016-03-27-5-00-18PM,1459069218513,0.0,3
2016-03-27-5-00-19PM,1459069219995,8.0,3
2016-03-27-5-00-51PM,1459069251494,0.0,3
2016-03-27-5-00-52PM,1459069252446,8.0,3
2016-03-27-5-00-54PM,1459069254380,0.0,3
2016-03-27-5-00-54PM,1459069254925,8.0,3
2016-03-27-5-00-55PM,1459069255683,0.0,3
2016-03-27-5-00-56PM,1459069256698,8.0,3
2016-03-27-5-00-57PM,1459069257027,0.0,3
2016-03-27-5-00-57PM,1459069257380,8.0,3
2016-03-27-5-00-58PM,1459069258196,0.0,3
2016-03-27-5-01-02PM,1459069262585,8.0,3
2016-03-27-5-01-04PM,1459069264044,0.0,3
2016-03-27-5-01-05PM,1459069265072,8.0,3
2016-03-27-5-01-05PM,1459069265352,0.0,3
2016-03-27-5-01-06PM,1459069266640,8.0,3
2016-03-27-5-02-11PM,1459069331270,0.0,3
2016-03-27-5-02-11PM,1459069331500,8.0,3
2016-03-27-5-02-11PM,1459069331797,0.0,3
2016-03-27-5-02-12PM,1459069332898,8.0,3
2016-03-27-5-02-14PM,1459069334723,0.0,3
2016-03-27-5-02-14PM,1459069334948,8.0,3
2016-03-27-5-02-32PM,1459069352945,0.0,3
2016-03-27-5-02-33PM,1459069353286,8.0,3
2016-03-27-5-03-45PM,1459069425216,0.0,3
2016-03-27-5-03-45PM,1459069425799,8.0,3
2016-03-27-5-08-41PM,1459069721748,0.0,3
2016-03-27-5-08-41PM,1459069721849,8.0,3
2016-03-27-5-08-56PM,1459069736858,0.0,3
2016-03-27-5-08-57PM,1459069737001,8.0,3
2016-03-27-5-08-57PM,1459069737039,0.0,3
2016-03-27-5-08-57PM,1459069737079,8.0,3
2016-03-27-5-08-58PM,1459069738269,0.0,3
2016-03-27-5-09-01PM,1459069741429,8.0,3
2016-03-27-5-09-01PM,1459069741508,0.0,3
2016-03-27-5-09-01PM,1459069741637,8.0,3
2016-03-27-5-09-02PM,1459069742725,0.0,3
2016-03-27-5-09-03PM,1459069743247,8.0,3
2016-03-27-5-09-03PM,1459069743587,0.0,3
2016-03-27-5-09-05PM,1459069745324,8.0,3
2016-03-27-5-09-08PM,1459069748278,0.0,3
2016-03-27-5-09-08PM,1459069748395,8.0,3
2016-03-27-5-09-09PM,1459069749078,0.0,3
2016-03-27-5-09-09PM,1459069749159,8.0,3
2016-03-27-5-09-09PM,1459069749449,0.0,3
2016-03-27-5-09-09PM,1459069749509,8.0,3
2016-03-27-5-09-09PM,1459069749802,0.0,3
2016-03-27-5-09-09PM,1459069749880,8.0,3
2016-03-27-5-09-10PM,1459069750158,0.0,3
2016-03-27-5-09-11PM,1459069751245,8.0,3
2016-03-27-5-09-11PM,1459069751604,0.0,3
2016-03-27-5-09-13PM,1459069753682,8.0,3
2016-03-27-5-09-14PM,1459069754735,0.0,3
2016-03-27-5-09-34PM,1459069774747,8.0,3
2016-03-27-5-09-37PM,1459069777186,0.0,3
2016-03-27-5-09-38PM,1459069778417,8.0,3
2016-03-27-5-09-43PM,1459069783000,0.0,3
2016-03-27-5-09-43PM,1459069783683,8.0,3
2016-03-27-5-09-43PM,1459069783991,0.0,3
2016-03-27-5-09-49PM,1459069789608,8.0,3
2016-03-27-5-09-53PM,1459069793332,0.0,3
2016-03-27-5-09-54PM,1459069794056,8.0,3
2016-03-27-5-09-54PM,1459069794487,0.0,3
2016-03-27-5-09-54PM,1459069794665,8.0,3
2016-03-27-5-09-56PM,1459069796006,0.0,3
2016-03-27-5-09-56PM,1459069796219,8.0,3
2016-03-27-5-09-56PM,1459069796723,0.0,3
2016-03-27-5-09-58PM,1459069798008,8.0,3
2016-03-27-5-10-19PM,1459069819735,0.0,3
2016-03-27-5-10-25PM,1459069825075,8.0,3
2016-03-27-5-10-57PM,1459069857382,0.0,3
2016-03-27-5-10-59PM,1459069859235,8.0,3
2016-03-27-5-11-03PM,1459069863487,0.0,3
2016-03-27-5-11-04PM,1459069864326,8.0,3
2016-03-27-5-11-04PM,1459069864849,0.0,3
2016-03-27-5-11-05PM,1459069865346,8.0,3
2016-03-27-5-11-11PM,1459069871752,0.0,3
2016-03-27-5-11-11PM,1459069871950,8.0,3
2016-03-27-5-11-37PM,1459069897119,0.0,3
2016-03-27-5-11-37PM,1459069897487,8.0,3
2016-03-27-5-11-37PM,1459069897625,0.0,3
2016-03-27-5-11-37PM,1459069897880,8.0,3
2016-03-27-5-12-37PM,1459069957099,0.0,3
2016-03-27-5-12-37PM,1459069957195,8.0,3
2016-03-27-5-12-56PM,1459069976927,0.0,3
2016-03-27-5-12-57PM,1459069977615,8.0,3
2016-03-27-5-14-21PM,1459070061923,0.0,3
2016-03-27-5-14-22PM,1459070062080,8.0,3
2016-03-27-5-14-25PM,1459070065358,0.0,3
2016-03-27-5-14-25PM,1459070065841,8.0,3
2016-03-27-5-14-37PM,1459070077488,0.0,3
2016-03-27-5-14-37PM,1459070077661,8.0,3
2016-03-27-5-14-38PM,1459070078713,0.0,3
2016-03-27-5-14-39PM,1459070079727,8.0,3
2016-03-27-5-14-40PM,1459070080041,0.0,3
2016-03-27-5-14-41PM,1459070081854,8.0,3
2016-03-27-5-14-54PM,1459070094450,0.0,3
2016-03-27-5-14-54PM,1459070094822,8.0,3
2016-03-27-5-16-24PM,1459070184814,0.0,3
2016-03-27-5-16-28PM,1459070188083,8.0,3
2016-03-27-5-16-37PM,1459070197397,0.0,3
2016-03-27-5-16-56PM,1459070216846,8.0,3
2016-03-27-5-17-17PM,1459070237040,0.0,3
2016-03-27-5-17-18PM,1459070238430,8.0,3
2016-03-27-5-17-20PM,1459070240907,0.0,3
2016-03-27-5-17-21PM,1459070241579,8.0,3
2016-03-27-5-17-45PM,1459070265333,0.0,3
2016-03-27-5-17-46PM,1459070266232,8.0,3
2016-03-27-5-27-27PM,1459070847734,0.0,3
2016-03-27-5-27-27PM,1459070847865,8.0,3
2016-03-27-5-28-49PM,1459070929821,0.0,3
2016-03-27-5-28-50PM,1459070930037,8.0,3
2016-03-27-5-28-50PM,1459070930094,0.0,3
2016-03-27-5-28-50PM,1459070930134,8.0,3
2016-03-27-5-28-59PM,1459070939464,0.0,3
2016-03-27-5-28-59PM,1459070939678,8.0,3
2016-03-27-5-33-54PM,1459071234702,0.0,3
2016-03-27-5-33-55PM,1459071235862,8.0,3
2016-03-27-5-39-32PM,1459071572845,0.0,3
2016-03-27-5-39-32PM,1459071572904,8.0,3
2016-03-27-5-47-49PM,1459072069436,0.0,3
2016-03-27-5-47-49PM,1459072069864,8.0,3
2016-03-27-5-52-03PM,1459072323600,0.0,3
2016-03-27-5-52-03PM,1459072323693,8.0,3
2016-03-27-5-53-33PM,1459072413134,0.0,3
2016-03-27-5-53-33PM,1459072413566,8.0,3
2016-03-27-6-09-01PM,1459073341018,0.0,3
2016-03-27-6-09-01PM,1459073341136,8.0,3
2016-03-27-6-34-55PM,1459074895812,0.0,3
2016-03-27-6-34-56PM,1459074896027,8.0,3
