2016-03-23-9-32-33a.m.,1458696753925,5.0,3
2016-03-23-9-33-29a.m.,1458696809749,0.0,3
2016-03-23-9-33-30a.m.,1458696810127,5.0,3
2016-03-23-9-33-38a.m.,1458696818576,0.0,3
2016-03-23-9-33-38a.m.,1458696818978,5.0,3
2016-03-23-9-33-40a.m.,1458696820185,0.0,3
2016-03-23-9-33-40a.m.,1458696820990,5.0,3
2016-03-23-9-33-42a.m.,1458696822606,0.0,3
2016-03-23-9-33-43a.m.,1458696823009,5.0,3
2016-03-23-9-33-47a.m.,1458696827836,0.0,3
2016-03-23-9-33-48a.m.,1458696828239,5.0,3
2016-03-23-9-33-49a.m.,1458696829453,0.0,3
2016-03-23-9-33-49a.m.,1458696829866,5.0,3
2016-03-23-9-33-50a.m.,1458696830054,0.0,3
2016-03-23-9-33-50a.m.,1458696830459,5.0,3
2016-03-23-9-33-51a.m.,1458696831061,0.0,3
2016-03-23-9-33-51a.m.,1458696831463,5.0,3
2016-03-23-9-33-52a.m.,1458696832297,0.0,3
2016-03-23-9-33-52a.m.,1458696832686,5.0,3
2016-03-23-9-33-53a.m.,1458696833277,0.0,3
2016-03-23-9-33-53a.m.,1458696833681,5.0,3
2016-03-23-9-33-55a.m.,1458696835500,0.0,3
2016-03-23-9-33-55a.m.,1458696835895,5.0,3
2016-03-23-9-33-57a.m.,1458696837711,0.0,3
2016-03-23-9-33-58a.m.,1458696838114,5.0,3
2016-03-23-9-33-58a.m.,1458696838310,0.0,3
2016-03-23-9-34-00a.m.,1458696840535,5.0,3
2016-03-23-9-34-03a.m.,1458696843346,0.0,3
2016-03-23-9-38-14a.m.,1458697094915,5.0,3
2016-03-23-9-38-18a.m.,1458697098338,0.0,3
2016-03-23-9-38-19a.m.,1458697099158,5.0,3
2016-03-23-9-38-43a.m.,1458697123918,0.0,3
2016-03-23-9-38-44a.m.,1458697124325,5.0,3
2016-03-23-9-38-56a.m.,1458697136810,0.0,3
2016-03-23-9-38-57a.m.,1458697137616,5.0,3
2016-03-23-9-38-58a.m.,1458697138024,0.0,3
2016-03-23-9-38-58a.m.,1458697138622,5.0,3
2016-03-23-9-39-01a.m.,1458697141049,0.0,3
2016-03-23-9-39-02a.m.,1458697142451,5.0,3
2016-03-23-9-39-02a.m.,1458697142664,0.0,3
2016-03-23-9-39-03a.m.,1458697143254,5.0,3
2016-03-23-9-39-03a.m.,1458697143860,0.0,3
2016-03-23-10-04-45a.m.,1458698685297,5.0,3
2016-03-23-10-05-30a.m.,1458698730829,0.0,3
2016-03-23-10-05-32a.m.,1458698732429,5.0,3
2016-03-23-10-05-37a.m.,1458698737061,0.0,3
2016-03-23-10-05-37a.m.,1458698737463,5.0,3
2016-03-23-10-05-38a.m.,1458698738085,0.0,3
2016-03-23-10-05-38a.m.,1458698738475,5.0,3
2016-03-23-10-05-39a.m.,1458698739679,0.0,3
2016-03-23-10-05-40a.m.,1458698740082,5.0,3
2016-03-23-10-05-42a.m.,1458698742703,0.0,3
2016-03-23-10-05-43a.m.,1458698743124,5.0,3
2016-03-23-10-05-44a.m.,1458698744311,0.0,3
2016-03-23-10-05-44a.m.,1458698744716,5.0,3
2016-03-23-10-05-47a.m.,1458698747943,0.0,3
2016-03-23-10-05-48a.m.,1458698748340,5.0,3
2016-03-23-10-05-51a.m.,1458698751584,0.0,3
2016-03-23-10-05-51a.m.,1458698751980,5.0,3
2016-03-23-10-05-53a.m.,1458698753780,0.0,3
2016-03-23-10-05-54a.m.,1458698754585,5.0,3
2016-03-23-10-06-08a.m.,1458698768078,0.0,3
2016-03-23-10-06-08a.m.,1458698768487,5.0,3
2016-03-23-10-06-12a.m.,1458698772514,0.0,3
2016-03-23-10-06-13a.m.,1458698773321,5.0,3
2016-03-23-10-06-13a.m.,1458698773720,0.0,3
2016-03-23-10-06-18a.m.,1458698778354,5.0,3
2016-03-23-10-06-18a.m.,1458698778554,0.0,3
2016-03-23-10-06-20a.m.,1458698780175,5.0,3
2016-03-23-10-06-20a.m.,1458698780364,0.0,3
2016-03-23-10-06-20a.m.,1458698780973,5.0,3
2016-03-23-10-06-21a.m.,1458698781376,0.0,3
2016-03-23-10-06-22a.m.,1458698782382,5.0,3
2016-03-23-10-06-22a.m.,1458698782582,0.0,3
2016-03-23-10-06-24a.m.,1458698784413,5.0,3
2016-03-23-10-07-41a.m.,1458698861737,0.0,3
2016-03-23-10-07-42a.m.,1458698862141,5.0,3
2016-03-23-10-07-45a.m.,1458698865361,0.0,3
2016-03-23-10-08-09a.m.,1458698889150,5.0,3
2016-03-23-10-09-27a.m.,1458698967910,0.0,3
2016-03-23-10-09-29a.m.,1458698969114,5.0,3
2016-03-23-10-09-34a.m.,1458698974941,0.0,3
2016-03-23-10-09-35a.m.,1458698975540,5.0,3
2016-03-23-10-09-36a.m.,1458698976543,0.0,3
2016-03-23-10-09-36a.m.,1458698976951,5.0,3
2016-03-23-10-09-38a.m.,1458698978358,0.0,3
2016-03-23-10-09-40a.m.,1458698980792,5.0,3
2016-03-23-10-09-41a.m.,1458698981180,0.0,3
2016-03-23-10-12-42a.m.,1458699162048,5.0,3
2016-03-23-10-13-04a.m.,1458699184415,0.0,3
2016-03-23-10-26-43a.m.,1458700003167,5.0,3
2016-03-23-10-27-15a.m.,1458700035599,0.0,3
2016-03-23-10-27-15a.m.,1458700035993,5.0,3
2016-03-23-10-28-56a.m.,1458700136699,0.0,3
2016-03-23-10-32-33a.m.,1458700353253,5.0,3
2016-03-23-10-32-54a.m.,1458700374975,0.0,3
2016-03-23-10-32-55a.m.,1458700375579,5.0,3
2016-03-23-10-33-04a.m.,1458700384442,0.0,3
2016-03-23-10-36-24a.m.,1458700584656,5.0,3
2016-03-23-10-37-05a.m.,1458700625740,0.0,3
2016-03-23-10-38-51a.m.,1458700731897,5.0,3
2016-03-23-10-38-52a.m.,1458700732096,0.0,3
2016-03-23-10-39-35a.m.,1458700775188,5.0,3
2016-03-23-10-41-05a.m.,1458700865228,0.0,3
2016-03-23-10-41-06a.m.,1458700866028,5.0,3
2016-03-23-10-43-45a.m.,1458701025147,0.0,3
2016-03-23-10-43-45a.m.,1458701025759,5.0,3
2016-03-23-10-43-46a.m.,1458701026557,0.0,3
2016-03-23-10-43-47a.m.,1458701027765,5.0,3
2016-03-23-10-47-24a.m.,1458701244891,0.0,3
2016-03-23-10-47-25a.m.,1458701245494,5.0,3
2016-03-23-10-48-04a.m.,1458701284772,0.0,3
2016-03-23-10-48-08a.m.,1458701288598,5.0,3
2016-03-23-10-48-09a.m.,1458701289001,0.0,3
2016-03-23-10-49-39a.m.,1458701379441,5.0,3
2016-03-23-10-51-08a.m.,1458701468664,0.0,3
2016-03-23-10-51-09a.m.,1458701469271,5.0,3
2016-03-23-10-51-11a.m.,1458701471895,0.0,3
2016-03-23-10-51-18a.m.,1458701478741,5.0,3
2016-03-23-10-52-53a.m.,1458701573400,0.0,3
2016-03-23-10-53-00a.m.,1458701580853,5.0,3
2016-03-23-10-53-02a.m.,1458701582062,0.0,3
2016-03-23-10-53-06a.m.,1458701586895,5.0,3
2016-03-23-10-53-46a.m.,1458701626177,0.0,3
2016-03-23-11-12-23a.m.,1458702743627,5.0,3
2016-03-23-11-13-10a.m.,1458702790155,0.0,3
2016-03-23-11-19-17a.m.,1458703157143,5.0,3
2016-03-23-11-20-45a.m.,1458703245353,0.0,3
2016-03-23-11-20-45a.m.,1458703245756,5.0,3
2016-03-23-11-23-00a.m.,1458703380509,0.0,3
2016-03-23-11-23-03a.m.,1458703383129,5.0,3
2016-03-23-11-45-53a.m.,1458704753761,0.0,3
2016-03-23-11-45-55a.m.,1458704755170,5.0,3
