2016-03-17-1-42-22PM,1458193342169,1458193342088,2016-03-17-1-42-22PM,network,1.2906085,103.780308,32.257,-1.0,-1.0,-1.0
2016-03-17-1-42-29PM,1458193349537,1458193349153,2016-03-17-1-42-29PM,gps,1.2908193240587063,103.78018548593937,128.0,42.293644470717055,34.587185,1.1939644
2016-03-17-1-42-40PM,1458193360351,1458193359999,2016-03-17-1-42-39PM,gps,1.2906753298432005,103.77983470183528,16.0,63.83098625791041,-1.0,0.0
2016-03-17-1-42-50PM,1458193370362,1458193369999,2016-03-17-1-42-49PM,gps,1.2906527005367272,103.7798546654825,16.0,64.8449774849148,-1.0,0.0
2016-03-17-1-43-00PM,1458193380425,1458193379999,2016-03-17-1-42-59PM,gps,1.2905755798832916,103.78017914665477,16.0,86.66987336204369,-1.0,0.0
2016-03-17-1-43-10PM,1458193390401,1458193389999,2016-03-17-1-43-09PM,gps,1.2905755798832916,103.78017914665477,16.0,67.86643522022823,-1.0,0.0
2016-03-17-1-43-20PM,1458193400407,1458193399999,2016-03-17-1-43-19PM,gps,1.2905755798832916,103.78017914665477,24.0,66.84392787515634,-1.0,0.0
2016-03-17-1-43-30PM,1458193410402,1458193409999,2016-03-17-1-43-29PM,gps,1.2904359044600466,103.78016825393954,16.0,63.53046777198288,-1.0,0.0
2016-03-17-1-43-40PM,1458193420399,1458193419999,2016-03-17-1-43-39PM,gps,1.2902598467551347,103.78020458249651,24.0,58.9504759924952,-1.0,2.0139701
2016-03-17-1-43-57PM,1458193437399,1458193436999,2016-03-17-1-43-56PM,gps,1.2899723099222467,103.7803479275988,32.0,52.46874812713312,-1.0,0.0
2016-03-17-1-44-14PM,1458193454400,1458193453999,2016-03-17-1-44-13PM,gps,1.289861346696177,103.78033106498488,32.0,49.47488380963069,-1.0,0.0
2016-03-17-1-44-23PM,1458193463354,1458193463283,2016-03-17-1-44-23PM,network,1.2906354,103.7802961,30.789,-1.0,-1.0,-1.0
2016-03-17-1-44-35PM,1458193475367,1458193474999,2016-03-17-1-44-34PM,gps,1.289861346696177,103.78033106498488,48.0,48.20367240212572,-1.0,0.0
2016-03-17-1-44-43PM,1458193483324,1458193483271,2016-03-17-1-44-43PM,network,1.2906068,103.780304,27.635,-1.0,-1.0,-1.0
2016-03-17-1-44-55PM,1458193495368,1458193494999,2016-03-17-1-44-54PM,gps,1.289861346696177,103.78033106498488,24.0,45.402056498052964,-1.0,0.0
2016-03-17-1-45-03PM,1458193503431,1458193503362,2016-03-17-1-45-03PM,network,1.29058,103.7803676,33.024,-1.0,-1.0,-1.0
2016-03-17-1-45-15PM,1458193515457,1458193514999,2016-03-17-1-45-14PM,gps,1.289861346696177,103.78033106498488,24.0,41.397157689338144,-1.0,0.0
2016-03-17-1-45-23PM,1458193523507,1458193523412,2016-03-17-1-45-23PM,network,1.2905713,103.7803214,34.665,-1.0,-1.0,-1.0
2016-03-17-1-45-35PM,1458193535368,1458193534999,2016-03-17-1-45-34PM,gps,1.289861346696177,103.78033106498488,24.0,36.075020161987446,-1.0,0.0
2016-03-17-1-45-43PM,1458193543511,1458193543451,2016-03-17-1-45-43PM,network,1.2906019,103.7803138,32.507,-1.0,-1.0,-1.0
2016-03-17-1-45-55PM,1458193555377,1458193554999,2016-03-17-1-45-54PM,gps,1.289861346696177,103.78033106498488,24.0,31.40095300214232,-1.0,0.0
2016-03-17-1-46-03PM,1458193563457,1458193563407,2016-03-17-1-46-03PM,network,1.2906118,103.7803068,27.742,-1.0,-1.0,-1.0
2016-03-17-1-46-15PM,1458193575393,1458193574999,2016-03-17-1-46-14PM,gps,1.2897643435397284,103.78062612688011,24.0,15.114767099146336,-1.0,0.0
2016-03-17-1-46-23PM,1458193583647,1458193583606,2016-03-17-1-46-23PM,network,1.2906108,103.7803352,30.828,-1.0,-1.0,-1.0
2016-03-17-1-46-35PM,1458193595369,1458193594999,2016-03-17-1-46-34PM,gps,1.2898158807146107,103.78064646851325,24.0,10.569546892311578,-1.0,0.0
2016-03-17-1-46-43PM,1458193603668,1458193603604,2016-03-17-1-46-43PM,network,1.2905524,103.7803625,22.783,-1.0,-1.0,-1.0
2016-03-17-1-46-55PM,1458193615372,1458193614999,2016-03-17-1-46-54PM,gps,1.2900720792340075,103.78053599809688,24.0,7.013605148108712,-1.0,0.0
2016-03-17-1-47-03PM,1458193623704,1458193623650,2016-03-17-1-47-03PM,network,1.2906027,103.7802895,33.63,-1.0,-1.0,-1.0
2016-03-17-1-47-15PM,1458193635363,1458193635000,2016-03-17-1-47-15PM,gps,1.290225518422313,103.78051674798182,32.0,4.780146711856282,-1.0,0.0
2016-03-17-1-47-24PM,1458193644743,1458193644696,2016-03-17-1-47-24PM,network,1.2906065,103.7803176,31.962,-1.0,-1.0,-1.0
2016-03-17-1-47-35PM,1458193655509,1458193655000,2016-03-17-1-47-35PM,gps,1.2903718604729018,103.78049717759546,16.0,4.061332148508098,-1.0,0.0
2016-03-17-1-47-44PM,1458193664765,1458193664699,2016-03-17-1-47-44PM,network,1.2906112,103.7803097,32.97,-1.0,-1.0,-1.0
2016-03-17-1-47-58PM,1458193678386,1458193678000,2016-03-17-1-47-58PM,gps,1.2905871618691134,103.78032759549781,32.0,4.994155082652681,-1.0,0.0
2016-03-17-1-48-08PM,1458193688374,1458193688000,2016-03-17-1-48-08PM,gps,1.2904189846936158,103.78028412889277,32.0,12.815107226705216,-1.0,4.22125
2016-03-17-1-48-18PM,1458193698367,1458193698000,2016-03-17-1-48-18PM,gps,1.2901462870180076,103.78029958241207,32.0,22.39026594120451,-1.0,0.0
2016-03-17-1-48-28PM,1458193708393,1458193708000,2016-03-17-1-48-28PM,gps,1.2901003247786627,103.78032190530391,32.0,13.395033905763304,-1.0,0.0
2016-03-17-1-48-38PM,1458193718378,1458193718000,2016-03-17-1-48-38PM,gps,1.2901003247786627,103.78032190530391,32.0,11.996518527182914,-1.0,0.0
2016-03-17-1-48-44PM,1458193724770,1458193724724,2016-03-17-1-48-44PM,network,1.2906146,103.7803216,86.91,-1.0,-1.0,-1.0
2016-03-17-1-48-58PM,1458193738368,1458193738000,2016-03-17-1-48-58PM,gps,1.2901003247786627,103.78032190530391,12.0,9.944883763269722,-1.0,0.0
2016-03-17-1-49-04PM,1458193744817,1458193744751,2016-03-17-1-49-04PM,network,1.2906381,103.7802933,33.405,-1.0,-1.0,-1.0
2016-03-17-1-49-18PM,1458193758364,1458193758000,2016-03-17-1-49-18PM,gps,1.2901003247786627,103.78032190530391,32.0,8.611818743507742,-1.0,0.0
2016-03-17-1-49-24PM,1458193764817,1458193764766,2016-03-17-1-49-24PM,network,1.2906009,103.7802998,35.384,-1.0,-1.0,-1.0
2016-03-17-1-49-38PM,1458193778362,1458193778000,2016-03-17-1-49-38PM,gps,1.2901003247786627,103.78032190530391,32.0,7.468022812690131,-1.0,0.0
2016-03-17-1-49-45PM,1458193785381,1458193785304,2016-03-17-1-49-45PM,network,1.2906135,103.7803171,33.439,-1.0,-1.0,-1.0
2016-03-17-1-49-58PM,1458193798357,1458193798000,2016-03-17-1-49-58PM,gps,1.2901003247786627,103.78032190530391,16.0,6.647821424953177,-1.0,0.0
2016-03-17-1-50-07PM,1458193807312,1458193807202,2016-03-17-1-50-07PM,network,1.2906424,103.7802964,30.375,-1.0,-1.0,-1.0
2016-03-17-1-50-18PM,1458193818363,1458193818000,2016-03-17-1-50-18PM,gps,1.2901003247786627,103.78032190530391,32.0,6.2272951418883284,-1.0,0.0
2016-03-17-1-50-28PM,1458193828239,1458193828172,2016-03-17-1-50-28PM,network,1.2906169,103.7802967,32.166,-1.0,-1.0,-1.0
2016-03-17-1-50-38PM,1458193838430,1458193838000,2016-03-17-1-50-38PM,gps,1.2901003247786627,103.78032190530391,24.0,5.844292594326125,-1.0,0.0
2016-03-17-1-50-43PM,1458193843769,1458193843707,2016-03-17-1-50-43PM,network,1.2905998,103.7803175,26.264,-1.0,-1.0,-1.0
2016-03-17-1-50-58PM,1458193858359,1458193858000,2016-03-17-1-50-58PM,gps,1.2899799008400894,103.7803547056837,48.0,2.5886307606578174,174.59956,2.5976086
2016-03-17-1-51-08PM,1458193868368,1458193868000,2016-03-17-1-51-08PM,gps,1.2898998697937996,103.78037639474006,16.0,0.06648123373782962,-1.0,0.0
2016-03-17-1-51-18PM,1458193878360,1458193878000,2016-03-17-1-51-18PM,gps,1.2898998697937996,103.78037639474006,32.0,-1.095590378781761,-1.0,0.0
2016-03-17-1-51-28PM,1458193888274,1458193888195,2016-03-17-1-51-28PM,network,1.2905751,103.7803607,33.346,-1.0,-1.0,-1.0
2016-03-17-1-51-38PM,1458193898359,1458193898000,2016-03-17-1-51-38PM,gps,1.2898998697937996,103.78037639474006,48.0,-3.149377576524542,-1.0,0.0
2016-03-17-1-51-48PM,1458193908366,1458193908276,2016-03-17-1-51-48PM,network,1.2906103,103.7802822,29.402,-1.0,-1.0,-1.0
2016-03-17-1-51-58PM,1458193918492,1458193918000,2016-03-17-1-51-58PM,gps,1.2898998697937996,103.78037639474006,32.0,-4.804382089739617,-1.0,0.0
2016-03-17-1-52-08PM,1458193928444,1458193928394,2016-03-17-1-52-08PM,network,1.2905833,103.7803224,33.634,-1.0,-1.0,-1.0
2016-03-17-1-52-18PM,1458193938360,1458193938000,2016-03-17-1-52-18PM,gps,1.2898402492504575,103.78039812338447,48.0,-8.040133026634352,166.93004,3.0387268
2016-03-17-1-52-28PM,1458193948359,1458193948000,2016-03-17-1-52-28PM,gps,1.2898402492504575,103.78039812338447,24.0,-9.206950623451391,-1.0,0.0
2016-03-17-1-52-38PM,1458193958363,1458193958000,2016-03-17-1-52-38PM,gps,1.2898402492504575,103.78039812338447,48.0,-10.458713935775073,-1.0,0.0
2016-03-17-1-52-48PM,1458193968375,1458193968000,2016-03-17-1-52-48PM,gps,1.2898402492504575,103.78039812338447,48.0,-10.988523113742044,-1.0,0.0
2016-03-17-1-52-58PM,1458193978383,1458193978000,2016-03-17-1-52-58PM,gps,1.2898402492504575,103.78039812338447,32.0,-11.635674126239422,-1.0,0.0
2016-03-17-1-53-08PM,1458193988358,1458193988000,2016-03-17-1-53-08PM,gps,1.2898402492504575,103.78039812338447,32.0,-12.532128786740731,-1.0,0.0
2016-03-17-1-53-19PM,1458193999363,1458193999000,2016-03-17-1-53-19PM,gps,1.2899739577158031,103.78042115799951,48.0,-13.077401225606447,166.93004,0.0
2016-03-17-1-53-28PM,1458194008497,1458194008469,2016-03-17-1-53-28PM,network,1.2905891,103.7803335,24.498,-1.0,-1.0,-1.0
2016-03-17-1-53-40PM,1458194020382,1458194020000,2016-03-17-1-53-40PM,gps,1.2901261860977984,103.78049141809737,48.0,-13.458272850590479,166.93004,0.0
2016-03-17-1-53-50PM,1458194030376,1458194030000,2016-03-17-1-53-50PM,gps,1.2901302035745614,103.78049466081423,16.0,-13.451819095895463,166.93004,0.0
2016-03-17-1-54-00PM,1458194040380,1458194040000,2016-03-17-1-54-00PM,gps,1.2902362985955438,103.78052395916254,16.0,-13.56910708323686,-1.0,0.0
2016-03-17-1-54-08PM,1458194048557,1458194048504,2016-03-17-1-54-08PM,network,1.2906368,103.7803043,32.737,-1.0,-1.0,-1.0
2016-03-17-1-54-20PM,1458194060357,1458194060000,2016-03-17-1-54-20PM,gps,1.2903403492838843,103.78050730099699,16.0,-13.320600760022337,-1.0,0.05600892
2016-03-17-1-54-28PM,1458194068585,1458194068530,2016-03-17-1-54-28PM,network,1.290581,103.7803258,24.555,-1.0,-1.0,-1.0
2016-03-17-1-54-42PM,1458194082366,1458194082000,2016-03-17-1-54-42PM,gps,1.290430385492337,103.7804569242139,24.0,-8.348425577759482,166.93004,0.0
2016-03-17-1-54-52PM,1458194092355,1458194092000,2016-03-17-1-54-52PM,gps,1.2904168424339086,103.78043225211385,12.0,-8.031676167763857,166.93004,0.0
2016-03-17-1-55-02PM,1458194102345,1458194102000,2016-03-17-1-55-02PM,gps,1.2904180514327217,103.78042391091405,16.0,-7.694024476031087,-1.0,0.0
2016-03-17-1-55-08PM,1458194108879,1458194108819,2016-03-17-1-55-08PM,network,1.290571,103.7803447,22.617,-1.0,-1.0,-1.0
2016-03-17-1-55-22PM,1458194122350,1458194122000,2016-03-17-1-55-22PM,gps,1.2904513769880699,103.78041611177937,16.0,-6.910542935265084,-1.0,0.0
2016-03-17-1-55-28PM,1458194128904,1458194128837,2016-03-17-1-55-28PM,network,1.2906085,103.7803263,31.406,-1.0,-1.0,-1.0
2016-03-17-1-55-42PM,1458194142343,1458194142000,2016-03-17-1-55-42PM,gps,1.2904107655918917,103.78039490652066,16.0,-6.178480007264505,-1.0,0.0
2016-03-17-1-55-48PM,1458194148924,1458194148850,2016-03-17-1-55-48PM,network,1.2905893,103.7803353,26.745,-1.0,-1.0,-1.0
2016-03-17-1-56-02PM,1458194162355,1458194162000,2016-03-17-1-56-02PM,gps,1.2904103904553021,103.78038642579878,24.0,-5.340885190841753,-1.0,0.0
2016-03-17-1-56-08PM,1458194168905,1458194168842,2016-03-17-1-56-08PM,network,1.2905781,103.780311,34.555,-1.0,-1.0,-1.0
2016-03-17-1-56-22PM,1458194182377,1458194181999,2016-03-17-1-56-21PM,gps,1.2904100361863096,103.78037882541628,24.0,-4.113974283788999,166.93004,0.0
2016-03-17-1-56-28PM,1458194188946,1458194188876,2016-03-17-1-56-28PM,network,1.2905955,103.7802943,27.676,-1.0,-1.0,-1.0
2016-03-17-1-56-35PM,1458194195605,1458194194999,2016-03-17-1-56-34PM,gps,1.2904196199944553,103.78036544575964,16.0,-3.2311118873980926,-1.0,0.0
2016-03-17-1-56-46PM,1458194206463,1458194205999,2016-03-17-1-56-45PM,gps,1.2904043782300882,103.78032546240716,16.0,-1.3315659541230116,-1.0,0.0
2016-03-17-1-56-56PM,1458194216359,1458194215999,2016-03-17-1-56-55PM,gps,1.2904055399227623,103.78032402189501,16.0,-0.745156276062353,-1.0,0.0
2016-03-17-1-57-06PM,1458194226424,1458194225999,2016-03-17-1-57-05PM,gps,1.290439458405189,103.78032948001885,12.0,-0.09339596318068003,-1.0,0.0
2016-03-17-1-57-16PM,1458194236403,1458194235999,2016-03-17-1-57-15PM,gps,1.290470231679076,103.78034109071297,16.0,0.4821839833330138,-1.0,0.0
2016-03-17-1-57-26PM,1458194246359,1458194245999,2016-03-17-1-57-25PM,gps,1.2906188969426677,103.78040791454424,24.0,1.1337457330638863,-1.0,0.0
2016-03-17-1-57-36PM,1458194256385,1458194255999,2016-03-17-1-57-35PM,gps,1.2906697651591814,103.78042641281,24.0,1.777372686497636,-1.0,0.0
2016-03-17-1-57-46PM,1458194266339,1458194265999,2016-03-17-1-57-45PM,gps,1.2906692622390834,103.78042086939774,16.0,2.3980949702580197,-1.0,0.0
2016-03-17-1-57-56PM,1458194276342,1458194275999,2016-03-17-1-57-55PM,gps,1.290670437867064,103.78041584074485,12.0,2.981403072823891,-1.0,0.0
2016-03-17-1-58-04PM,1458194284777,1458194280097,2016-03-17-1-58-00PM,network,1.2906545,103.7803046,31.615,-1.0,-1.0,-1.0
2016-03-17-1-58-16PM,1458194296374,1458194295999,2016-03-17-1-58-15PM,gps,1.2904620824083908,103.78034973584383,24.0,5.063497875825435,185.97458,2.7487378
2016-03-17-1-58-26PM,1458194306361,1458194305999,2016-03-17-1-58-25PM,gps,1.2904408460608414,103.78035011541263,24.0,5.918391675101563,185.14061,0.0
2016-03-17-1-58-36PM,1458194316360,1458194315999,2016-03-17-1-58-35PM,gps,1.2903535861139135,103.78035292758362,16.0,6.3595674318248925,185.14061,0.0
2016-03-17-1-58-49PM,1458194329181,1458194329133,2016-03-17-1-58-49PM,network,1.2906105,103.7803083,27.558,-1.0,-1.0,-1.0
2016-03-17-1-59-00PM,1458194340359,1458194339999,2016-03-17-1-58-59PM,gps,1.2902160454547853,103.7803714751888,16.0,7.05902749694161,-1.0,0.0
2016-03-17-1-59-06PM,1458194346784,1458194346721,2016-03-17-1-59-06PM,network,1.290591,103.7803387,24.258,-1.0,-1.0,-1.0
2016-03-17-1-59-13PM,1458194353404,1458194352999,2016-03-17-1-59-12PM,gps,1.2901310061900648,103.78036899421407,16.0,7.1838856144517225,185.14061,0.0
2016-03-17-1-59-23PM,1458194363354,1458194362999,2016-03-17-1-59-22PM,gps,1.2901035320843566,103.7803816296312,16.0,7.299319344662719,-1.0,0.0
2016-03-17-1-59-33PM,1458194373339,1458194372999,2016-03-17-1-59-32PM,gps,1.290103094063332,103.78038775374631,16.0,7.344292555195373,-1.0,0.0
2016-03-17-1-59-43PM,1458194383347,1458194382999,2016-03-17-1-59-42PM,gps,1.2901063185051023,103.78039174905281,16.0,7.409889980875981,-1.0,0.0
2016-03-17-1-59-49PM,1458194389846,1458194389744,2016-03-17-1-59-49PM,network,1.2906083,103.7803192,26.672,-1.0,-1.0,-1.0
2016-03-17-2-00-05PM,1458194405377,1458194404999,2016-03-17-2-00-04PM,gps,1.2903632603137105,103.7803966552812,16.0,7.837371416248372,-1.0,0.0
2016-03-17-2-00-15PM,1458194415355,1458194414999,2016-03-17-2-00-14PM,gps,1.2903817318647313,103.78040121802393,16.0,7.968251780423375,-1.0,0.0
2016-03-17-2-00-26PM,1458194426686,1458194426616,2016-03-17-2-00-26PM,network,1.2906651,103.780304,31.02,-1.0,-1.0,-1.0
2016-03-17-2-00-37PM,1458194437398,1458194436999,2016-03-17-2-00-36PM,gps,1.2903712237493126,103.78036880337879,24.0,8.30143114003089,-1.0,0.0
2016-03-17-2-00-47PM,1458194447342,1458194446999,2016-03-17-2-00-46PM,gps,1.29039534432519,103.7803498271326,12.0,8.583009873942238,-1.0,0.0
2016-03-17-2-00-57PM,1458194457356,1458194456999,2016-03-17-2-00-56PM,gps,1.29040674074786,103.78035227032007,12.0,8.867331550601117,-1.0,0.0
2016-03-17-2-01-07PM,1458194467242,1458194467215,2016-03-17-2-01-07PM,network,1.2906334,103.7802862,90.437,-1.0,-1.0,-1.0
2016-03-17-2-01-18PM,1458194478354,1458194477999,2016-03-17-2-01-17PM,gps,1.2904725262424501,103.78033278792343,16.0,9.601270817424467,185.14061,0.0
2016-03-17-2-01-28PM,1458194488370,1458194487999,2016-03-17-2-01-27PM,gps,1.2903207171888837,103.78036356935029,24.0,10.673863347256585,185.21606,-1.0
2016-03-17-2-01-38PM,1458194498361,1458194497999,2016-03-17-2-01-37PM,gps,1.2902442907487006,103.78037426989042,24.0,11.287601579061848,194.77118,0.0
2016-03-17-2-01-50PM,1458194510092,1458194510029,2016-03-17-2-01-50PM,network,1.2906543,103.7803291,29.957,-1.0,-1.0,-1.0
2016-03-17-2-02-01PM,1458194521356,1458194520999,2016-03-17-2-02-00PM,gps,1.2900616013658115,103.7804416399281,24.0,11.689959155406783,194.77118,0.0
2016-03-17-2-02-12PM,1458194532032,1458194531974,2016-03-17-2-02-11PM,network,1.2906536,103.7802872,31.709,-1.0,-1.0,-1.0
2016-03-17-2-02-32PM,1458194552119,1458194552055,2016-03-17-2-02-32PM,network,1.2904521,103.7804484,26.487,-1.0,-1.0,-1.0
2016-03-17-2-02-51PM,1458194571837,1458194571774,2016-03-17-2-02-51PM,network,1.2906157,103.7804149,30.058,-1.0,-1.0,-1.0
2016-03-17-2-03-12PM,1458194592099,1458194592042,2016-03-17-2-03-12PM,network,1.290688,103.7803449,29.628,-1.0,-1.0,-1.0
2016-03-17-2-03-27PM,1458194607578,1458194606999,2016-03-17-2-03-26PM,gps,1.29079588253186,103.78049159171707,16.0,51.782961934501856,128.4632,1.0212812
2016-03-17-2-03-37PM,1458194617370,1458194616999,2016-03-17-2-03-36PM,gps,1.2906926458114791,103.78057839303757,16.0,50.28298245063066,132.85869,1.1295925
2016-03-17-2-03-47PM,1458194627804,1458194626999,2016-03-17-2-03-46PM,gps,1.290614186251979,103.7807201554404,16.0,48.7393591915225,91.830086,1.2887862
2016-03-17-2-03-57PM,1458194637371,1458194636999,2016-03-17-2-03-56PM,gps,1.2905680396879544,103.78085933526252,16.0,47.49950709090873,109.32063,1.1093465
2016-03-17-2-04-07PM,1458194647370,1458194646999,2016-03-17-2-04-06PM,gps,1.2905446769996647,103.78099795369204,12.0,46.14825405151948,99.87576,1.2223011
2016-03-17-2-04-12PM,1458194652388,1458194652328,2016-03-17-2-04-12PM,network,1.2904759,103.7810622,42.631,-1.0,-1.0,-1.0
2016-03-17-2-04-17PM,1458194657394,1458194656999,2016-03-17-2-04-16PM,gps,1.290533110258671,103.78106592829134,12.0,44.32870969709188,96.48315,1.1225405
2016-03-17-2-04-27PM,1458194667374,1458194666999,2016-03-17-2-04-26PM,gps,1.2904352672782111,103.78108446670811,16.0,42.2180684318457,159.61565,1.0713599
2016-03-17-2-04-37PM,1458194677417,1458194676999,2016-03-17-2-04-36PM,gps,1.290329935500423,103.78106980053046,24.0,40.04401290055173,198.45496,1.1431693
2016-03-17-2-04-47PM,1458194687393,1458194686999,2016-03-17-2-04-46PM,gps,1.2903327115560022,103.78099812556471,16.0,38.589990927351806,286.94836,1.024872
2016-03-17-2-04-53PM,1458194693540,1458194688479,2016-03-17-2-04-48PM,network,1.288139,103.7776173,500.0,-1.0,-1.0,-1.0
2016-03-17-2-05-07PM,1458194707384,1458194706999,2016-03-17-2-05-06PM,gps,1.2903176167817114,103.78086454500429,8.0,37.89494719595491,93.03035,0.865448
2016-03-17-2-05-17PM,1458194717485,1458194717000,2016-03-17-2-05-17PM,gps,1.2902620400508493,103.78083056137616,8.0,38.24212575253909,289.3022,0.51438606
2016-03-17-2-05-27PM,1458194727376,1458194727000,2016-03-17-2-05-27PM,gps,1.2901952712958091,103.78081293002978,8.0,39.09360025303326,178.28583,0.73184305
2016-03-17-2-05-37PM,1458194737373,1458194737000,2016-03-17-2-05-37PM,gps,1.290089976620484,103.78077671532034,12.0,39.64426528926129,179.62463,1.0723864
2016-03-17-2-05-47PM,1458194747380,1458194747000,2016-03-17-2-05-47PM,gps,1.2900521072070967,103.78069032689636,8.0,39.75238050674685,161.69258,0.98710096
2016-03-17-2-05-57PM,1458194757388,1458194757000,2016-03-17-2-05-57PM,gps,1.2900250691383952,103.78060908153478,6.0,39.5247578231133,287.63412,0.8785233
2016-03-17-2-06-07PM,1458194767388,1458194767000,2016-03-17-2-06-07PM,gps,1.2899263660028175,103.78057473710595,8.0,40.79967201180164,181.48683,0.68093747
2016-03-17-2-06-17PM,1458194777393,1458194777000,2016-03-17-2-06-17PM,gps,1.2897917636653853,103.78052061248788,6.0,39.680790628457665,200.05896,0.9443633
2016-03-17-2-06-27PM,1458194787430,1458194787000,2016-03-17-2-06-27PM,gps,1.2897109873009116,103.7804615911407,8.0,36.38476277681036,171.56488,0.91206694
2016-03-17-2-06-37PM,1458194797474,1458194797000,2016-03-17-2-06-37PM,gps,1.2896395609252012,103.78035814307387,6.0,34.03909260739643,244.14957,0.7966701
2016-03-17-2-06-47PM,1458194807472,1458194807000,2016-03-17-2-06-47PM,gps,1.2895577569575238,103.78026870384012,8.0,32.68397448104902,291.59625,0.8864179
2016-03-17-2-06-57PM,1458194817383,1458194817000,2016-03-17-2-06-57PM,gps,1.2895759106399036,103.78013018705337,6.0,30.671957527693397,241.1044,0.9904298
2016-03-17-2-07-07PM,1458194827387,1458194827000,2016-03-17-2-07-07PM,gps,1.2895389806288127,103.78004144336991,8.0,28.516302198363586,223.4607,1.0433407
2016-03-17-2-07-14PM,1458194834108,1458194833712,2016-03-17-2-07-13PM,network,1.2889839,103.7798406,75.623,-1.0,-1.0,-1.0
2016-03-17-2-07-27PM,1458194847381,1458194847000,2016-03-17-2-07-27PM,gps,1.2893270470742564,103.77992883230613,16.0,26.74551829149666,232.93175,1.2555643
2016-03-17-2-07-37PM,1458194857392,1458194857000,2016-03-17-2-07-37PM,gps,1.2892424994333422,103.77983382634321,6.0,28.259633444052792,294.79602,1.1434959
2016-03-17-2-07-47PM,1458194867385,1458194867000,2016-03-17-2-07-47PM,gps,1.2892343155574415,103.77973126269823,6.0,27.852332354467915,243.41434,0.46833414
2016-03-17-2-07-57PM,1458194877464,1458194877000,2016-03-17-2-07-57PM,gps,1.2892185992601,103.77958603453261,6.0,26.628943115092312,270.1087,0.88972634
2016-03-17-2-08-07PM,1458194887386,1458194887000,2016-03-17-2-08-07PM,gps,1.2892327427086387,103.77947338879576,6.0,25.476573497452456,254.20317,0.9562288
2016-03-17-2-08-13PM,1458194893895,1458194893844,2016-03-17-2-08-13PM,network,1.2889527,103.7797544,33.0,-1.0,-1.0,-1.0
2016-03-17-2-08-27PM,1458194907388,1458194907000,2016-03-17-2-08-27PM,gps,1.2892138071457753,103.77928005387373,8.0,23.927247302693555,261.39783,0.46391016
2016-03-17-2-08-37PM,1458194917388,1458194917000,2016-03-17-2-08-37PM,gps,1.2891765977076146,103.77921333593066,6.0,22.62860771247896,251.24272,0.9753816
2016-03-17-2-08-47PM,1458194927406,1458194927000,2016-03-17-2-08-47PM,gps,1.2891162181916005,103.77913601056973,6.0,22.677395701183585,240.34834,1.0210773
2016-03-17-2-08-57PM,1458194937400,1458194937000,2016-03-17-2-08-57PM,gps,1.2890782603973396,103.77900689386878,6.0,24.477004465458236,246.7843,0.9045736
2016-03-17-2-09-07PM,1458194947387,1458194947000,2016-03-17-2-09-07PM,gps,1.2890419003053062,103.77890673557643,6.0,25.452639272890924,244.31874,1.0096856
2016-03-17-2-09-14PM,1458194954158,1458194954080,2016-03-17-2-09-14PM,network,1.2887668,103.7793288,36.307,-1.0,-1.0,-1.0
2016-03-17-2-09-27PM,1458194967408,1458194967000,2016-03-17-2-09-27PM,gps,1.2889966780746787,103.77867646249828,8.0,27.324455351546657,240.12254,1.1242051
2016-03-17-2-09-37PM,1458194977384,1458194977000,2016-03-17-2-09-37PM,gps,1.2889464209661872,103.7785833573307,12.0,26.40190041305557,246.06445,0.7971949
2016-03-17-2-09-47PM,1458194987428,1458194987000,2016-03-17-2-09-47PM,gps,1.288873428214579,103.77844663948802,8.0,27.930824408785302,240.292,1.2916486
2016-03-17-2-09-57PM,1458194997496,1458194997000,2016-03-17-2-09-57PM,gps,1.2887795851354407,103.77836081991636,6.0,26.46072041172128,218.00516,1.1005815
2016-03-17-2-10-07PM,1458195007386,1458195007000,2016-03-17-2-10-07PM,gps,1.2887034484740068,103.77823439384473,4.0,25.035825106730353,252.78625,1.0972134
2016-03-17-2-10-15PM,1458195015195,1458195015143,2016-03-17-2-10-15PM,network,1.2884382,103.7784578,30.0,-1.0,-1.0,-1.0
2016-03-17-2-10-27PM,1458195027393,1458195027000,2016-03-17-2-10-27PM,gps,1.2888199205708777,103.77806623834675,8.0,23.560114219036315,314.983,1.011889
2016-03-17-2-10-33PM,1458195033679,1458195027138,2016-03-17-2-10-27PM,network,1.2883126,103.7783799,39.0,-1.0,-1.0,-1.0
2016-03-17-2-10-47PM,1458195047388,1458195047000,2016-03-17-2-10-47PM,gps,1.288953795022478,103.77788140926637,8.0,21.863001244573834,284.42084,1.2466885
2016-03-17-2-10-54PM,1458195054002,1458195047163,2016-03-17-2-10-47PM,network,1.2887154,103.777987,30.0,-1.0,-1.0,-1.0
2016-03-17-2-11-07PM,1458195067510,1458195067000,2016-03-17-2-11-07PM,gps,1.2890474986106208,103.77764306191908,6.0,20.217686181768414,313.40726,1.392341
2016-03-17-2-11-17PM,1458195077460,1458195077000,2016-03-17-2-11-17PM,gps,1.2890864153075945,103.77752912469467,6.0,18.534689452064573,297.61914,1.2227306
2016-03-17-2-11-27PM,1458195087384,1458195087000,2016-03-17-2-11-27PM,gps,1.2891116874271882,103.77743964502946,6.0,18.185257118704058,269.81418,0.9982128
2016-03-17-2-11-33PM,1458195093968,1458195089623,2016-03-17-2-11-29PM,network,1.2888729,103.7776274,34.5,-1.0,-1.0,-1.0
2016-03-17-2-11-47PM,1458195107385,1458195107000,2016-03-17-2-11-47PM,gps,1.2892599474524729,103.77743085346589,8.0,18.634775440703365,75.36558,0.47152615
2016-03-17-2-11-54PM,1458195114086,1458195112857,2016-03-17-2-11-52PM,network,1.2889123,103.7775556,36.0,-1.0,-1.0,-1.0
2016-03-17-2-12-07PM,1458195127481,1458195127000,2016-03-17-2-12-07PM,gps,1.2891831652619534,103.77742170766699,8.0,26.4965393303643,104.32603,0.05328015
2016-03-17-2-12-13PM,1458195133884,1458195132812,2016-03-17-2-12-12PM,network,1.2889116,103.7775724,36.0,-1.0,-1.0,-1.0
2016-03-17-2-12-27PM,1458195147383,1458195147000,2016-03-17-2-12-27PM,gps,1.2891376632092926,103.7773194174889,6.0,24.884872273329822,273.47043,0.06573526
2016-03-17-2-12-37PM,1458195157383,1458195157000,2016-03-17-2-12-37PM,gps,1.2891687098941802,103.77733264659719,16.0,21.126222960623508,264.82074,0.19005513
2016-03-17-2-12-47PM,1458195167382,1458195167000,2016-03-17-2-12-47PM,gps,1.2892029127274967,103.77736349702512,12.0,18.13267843895368,277.6144,0.2940529
2016-03-17-2-12-54PM,1458195174853,1458195170460,2016-03-17-2-12-50PM,network,1.2889886,103.7774007,30.0,-1.0,-1.0,-1.0
2016-03-17-2-13-07PM,1458195187380,1458195187000,2016-03-17-2-13-07PM,gps,1.289171235469451,103.77738779479223,8.0,20.287073762938753,279.0484,0.29740396
2016-03-17-2-13-14PM,1458195194879,1458195190521,2016-03-17-2-13-10PM,network,1.2889907,103.7773761,30.0,-1.0,-1.0,-1.0
2016-03-17-2-13-27PM,1458195207558,1458195207000,2016-03-17-2-13-27PM,gps,1.289077989019926,103.77744711759978,8.0,23.243271048162153,97.25141,0.46265754
2016-03-17-2-13-37PM,1458195217376,1458195216999,2016-03-17-2-13-36PM,gps,1.2890808450216626,103.77744238127427,24.0,24.44798377798225,93.50782,0.42622814
2016-03-17-2-13-47PM,1458195227356,1458195226999,2016-03-17-2-13-46PM,gps,1.2890589769239855,103.77743381173507,8.0,23.794397353887053,66.94336,0.2247112
2016-03-17-2-13-54PM,1458195234988,1458195230841,2016-03-17-2-13-50PM,network,1.2889688,103.7774763,30.0,-1.0,-1.0,-1.0
2016-03-17-2-14-07PM,1458195247378,1458195246999,2016-03-17-2-14-06PM,gps,1.2890592202315976,103.7774851660567,8.0,24.56883456319283,245.7702,0.14462538
2016-03-17-2-14-15PM,1458195255141,1458195250777,2016-03-17-2-14-10PM,network,1.2889721,103.7773708,45.0,-1.0,-1.0,-1.0
2016-03-17-2-14-27PM,1458195267371,1458195266999,2016-03-17-2-14-26PM,gps,1.2891004895186553,103.77742904416276,12.0,20.536268308645944,70.46729,0.66772646
2016-03-17-2-14-35PM,1458195275034,1458195271449,2016-03-17-2-14-31PM,network,1.2889276,103.7774877,30.0,-1.0,-1.0,-1.0
2016-03-17-2-14-47PM,1458195287403,1458195286999,2016-03-17-2-14-46PM,gps,1.2891071627781656,103.77739314090961,12.0,21.526299962661255,312.16165,0.50980246
2016-03-17-2-14-55PM,1458195295062,1458195283441,2016-03-17-2-14-43PM,network,1.2889492,103.7774474,30.0,-1.0,-1.0,-1.0
2016-03-17-2-15-07PM,1458195307380,1458195306999,2016-03-17-2-15-06PM,gps,1.2891294639664452,103.77739589300258,8.0,17.835739995683923,253.39256,0.13453479
2016-03-17-2-15-15PM,1458195315163,1458195303440,2016-03-17-2-15-03PM,network,1.2889783,103.7774709,30.0,-1.0,-1.0,-1.0
2016-03-17-2-15-27PM,1458195327376,1458195326999,2016-03-17-2-15-26PM,gps,1.289127677416036,103.77733467136589,8.0,15.215019353516354,243.34145,0.22965495
2016-03-17-2-15-37PM,1458195337383,1458195336999,2016-03-17-2-15-36PM,gps,1.2890974409183833,103.77731567244834,16.0,13.569680476337442,126.72514,0.21621592
2016-03-17-2-15-47PM,1458195347384,1458195346999,2016-03-17-2-15-46PM,gps,1.2890926408054286,103.77728246157236,8.0,12.197177130660606,55.10677,0.066073366
2016-03-17-2-15-56PM,1458195356329,1458195351033,2016-03-17-2-15-51PM,network,1.2889538,103.7774626,30.0,-1.0,-1.0,-1.0
2016-03-17-2-16-07PM,1458195367404,1458195366999,2016-03-17-2-16-06PM,gps,1.2890450105730407,103.77728264435818,8.0,12.653815663533258,65.887245,0.06768359
2016-03-17-2-16-16PM,1458195376381,1458195371043,2016-03-17-2-16-11PM,network,1.2889619,103.777358,30.0,-1.0,-1.0,-1.0
2016-03-17-2-16-27PM,1458195387357,1458195386999,2016-03-17-2-16-26PM,gps,1.2890548568809623,103.77731129533103,6.0,18.19486891375434,76.02754,0.0
2016-03-17-2-16-37PM,1458195397371,1458195396999,2016-03-17-2-16-36PM,gps,1.2890536291121093,103.77739141208205,32.0,25.906915291452464,61.31436,0.27197504
2016-03-17-2-16-47PM,1458195407376,1458195406999,2016-03-17-2-16-46PM,gps,1.289083629763717,103.77742882702073,24.0,31.571564773827046,56.55962,0.4294415
2016-03-17-2-16-57PM,1458195417111,1458195415188,2016-03-17-2-16-55PM,network,1.2889736,103.7774121,33.0,-1.0,-1.0,-1.0
2016-03-17-2-17-07PM,1458195427376,1458195426999,2016-03-17-2-17-06PM,gps,1.2891047362765486,103.77741217349052,12.0,33.639918927701174,230.07503,0.0
2016-03-17-2-17-17PM,1458195437057,1458195435074,2016-03-17-2-17-15PM,network,1.2890223,103.777297,39.0,-1.0,-1.0,-1.0
2016-03-17-2-17-27PM,1458195447353,1458195446999,2016-03-17-2-17-26PM,gps,1.2890716395395196,103.77734415900959,6.0,32.67835460315369,230.07503,0.11351876
2016-03-17-2-17-37PM,1458195457377,1458195456999,2016-03-17-2-17-36PM,gps,1.2890303668286918,103.77730384007597,8.0,33.13567310208485,230.07503,0.0
2016-03-17-2-17-47PM,1458195467362,1458195466999,2016-03-17-2-17-46PM,gps,1.2890644710763466,103.77731159173541,6.0,32.070456091961574,81.25483,0.0
2016-03-17-2-17-57PM,1458195477145,1458195472960,2016-03-17-2-17-52PM,network,1.2889439,103.7774707,30.0,-1.0,-1.0,-1.0
2016-03-17-2-18-07PM,1458195487514,1458195486999,2016-03-17-2-18-06PM,gps,1.2890690114161787,103.77733375885057,8.0,26.837143980458396,235.24738,0.21187003
2016-03-17-2-18-17PM,1458195497138,1458195492964,2016-03-17-2-18-12PM,network,1.2890069,103.7773417,40.5,-1.0,-1.0,-1.0
2016-03-17-2-18-28PM,1458195508481,1458195507999,2016-03-17-2-18-27PM,gps,1.2890937929886228,103.77736745213694,12.0,22.57491638001123,47.84564,0.03773329
2016-03-17-2-18-37PM,1458195517175,1458195512675,2016-03-17-2-18-32PM,network,1.2889534,103.7775281,58.914,-1.0,-1.0,-1.0
2016-03-17-2-18-48PM,1458195528358,1458195527999,2016-03-17-2-18-47PM,gps,1.2891236221693783,103.77740389699069,12.0,20.18420928900216,290.86536,0.20456514
2016-03-17-2-18-58PM,1458195538220,1458195530009,2016-03-17-2-18-50PM,network,1.288919,103.7775261,30.0,-1.0,-1.0,-1.0
2016-03-17-2-19-08PM,1458195548374,1458195547999,2016-03-17-2-19-07PM,gps,1.2890823016086204,103.77740275151898,16.0,22.12369186198425,191.255,0.18699916
2016-03-17-2-19-18PM,1458195558228,1458195549977,2016-03-17-2-19-09PM,network,1.2889686,103.7774438,30.0,-1.0,-1.0,-1.0
2016-03-17-2-19-28PM,1458195568374,1458195567999,2016-03-17-2-19-27PM,gps,1.2890945709445942,103.7773620296422,8.0,24.533754036473194,232.91437,0.28899932
2016-03-17-2-19-38PM,1458195578285,1458195576445,2016-03-17-2-19-36PM,network,1.2890072,103.7772492,40.5,-1.0,-1.0,-1.0
2016-03-17-2-19-48PM,1458195588392,1458195587999,2016-03-17-2-19-47PM,gps,1.289126930891821,103.77735142589849,8.0,25.346092142184844,339.11945,0.06443244
2016-03-17-2-19-58PM,1458195598378,1458195596427,2016-03-17-2-19-56PM,network,1.288997,103.7773648,30.0,-1.0,-1.0,-1.0
2016-03-17-2-20-08PM,1458195608401,1458195607999,2016-03-17-2-20-07PM,gps,1.2890957717272147,103.77734402738484,6.0,21.675854813738255,206.71082,0.16886136
2016-03-17-2-20-18PM,1458195618361,1458195617999,2016-03-17-2-20-17PM,gps,1.2891152482033748,103.77734242608499,8.0,19.883319536304523,206.71082,0.052221626
2016-03-17-2-20-28PM,1458195628416,1458195627999,2016-03-17-2-20-27PM,gps,1.28915939882234,103.77740351908488,8.0,18.302192563390125,206.71082,0.056544196
2016-03-17-2-20-38PM,1458195638355,1458195637999,2016-03-17-2-20-37PM,gps,1.2891497549608133,103.77740628710156,12.0,16.451469818410438,118.88619,0.23312646
2016-03-17-2-20-48PM,1458195648492,1458195647999,2016-03-17-2-20-47PM,gps,1.2891341336291862,103.77739010310101,6.0,15.79653946533935,118.88619,0.036347613
2016-03-17-2-20-58PM,1458195658376,1458195657999,2016-03-17-2-20-57PM,gps,1.2891068711638383,103.77738761839359,16.0,14.626789369689742,162.43123,0.33747664
2016-03-17-2-21-08PM,1458195668377,1458195667999,2016-03-17-2-21-07PM,gps,1.289088296396786,103.77738275497798,6.0,15.939176507108,331.34738,0.1784343
2016-03-17-2-21-18PM,1458195678414,1458195677999,2016-03-17-2-21-17PM,gps,1.2890763482550927,103.7774175085289,12.0,18.008392824845167,331.34738,0.10238846
2016-03-17-2-21-28PM,1458195688406,1458195687999,2016-03-17-2-21-27PM,gps,1.2890551718504442,103.77742636557646,8.0,19.629256915943085,208.58112,0.25637248
2016-03-17-2-21-38PM,1458195698375,1458195697999,2016-03-17-2-21-37PM,gps,1.289005223612611,103.77748850356429,16.0,19.548686086971593,111.44701,0.43585542
2016-03-17-2-21-48PM,1458195708379,1458195707999,2016-03-17-2-21-47PM,gps,1.2890622524346438,103.77746957070043,8.0,19.58389999961744,225.50879,0.24760278
2016-03-17-2-21-58PM,1458195718393,1458195718000,2016-03-17-2-21-58PM,gps,1.2891100694455242,103.77748352305828,16.0,21.29783935561239,162.91588,0.2961495
2016-03-17-2-22-08PM,1458195728443,1458195728000,2016-03-17-2-22-08PM,gps,1.2891018600028126,103.77747867741836,8.0,22.63703303002089,157.67543,0.14742301
2016-03-17-2-22-18PM,1458195738534,1458195738000,2016-03-17-2-22-18PM,gps,1.2891331386458242,103.77743205510917,8.0,23.53474567733416,85.86589,0.2234692
2016-03-17-2-22-24PM,1458195744682,1458195744664,2016-03-17-2-22-24PM,network,1.2890008,103.7773295,45.0,-1.0,-1.0,-1.0
2016-03-17-2-22-38PM,1458195758380,1458195758000,2016-03-17-2-22-38PM,gps,1.2888850172018083,103.77791556304837,16.0,17.156145012292534,124.61446,5.6665826
2016-03-17-2-22-48PM,1458195768382,1458195768000,2016-03-17-2-22-48PM,gps,1.2888387489291637,103.77800303529789,16.0,15.405344591037823,116.50457,0.0
2016-03-17-2-22-58PM,1458195778383,1458195778000,2016-03-17-2-22-58PM,gps,1.2888387489291637,103.77800303529789,12.0,15.383878652467045,116.50457,0.0
2016-03-17-2-23-08PM,1458195788386,1458195788000,2016-03-17-2-23-08PM,gps,1.2886519449414222,103.77815974723515,12.0,10.53391813959629,140.00328,4.979085
2016-03-17-2-23-18PM,1458195798376,1458195798000,2016-03-17-2-23-18PM,gps,1.2879200564061948,103.77872053233315,8.0,20.341108704335646,148.4597,11.044021
2016-03-17-2-23-24PM,1458195804915,1458195804597,2016-03-17-2-23-24PM,network,1.2873071,103.7790313,75.783,-1.0,-1.0,-1.0
2016-03-17-2-23-38PM,1458195818388,1458195818000,2016-03-17-2-23-38PM,gps,1.2859222259920169,103.78037560211526,24.0,25.09455142403513,132.68562,16.88883
2016-03-17-2-23-57PM,1458195837451,1458195837000,2016-03-17-2-23-57PM,gps,1.2839774238591326,103.78087477078455,48.0,15.420886228910568,188.21402,11.850008
2016-03-17-2-24-07PM,1458195847375,1458195847000,2016-03-17-2-24-07PM,gps,1.2833174421984128,103.78150697113381,16.0,19.592286479837142,141.01004,13.624446
2016-03-17-2-24-17PM,1458195857474,1458195857000,2016-03-17-2-24-17PM,gps,1.2827804313125615,103.78212446655186,24.0,14.208271778403056,104.64157,0.0
2016-03-17-2-24-27PM,1458195867377,1458195867000,2016-03-17-2-24-27PM,gps,1.2827804313125615,103.78212446655186,12.0,14.135314545088239,104.64157,0.0
2016-03-17-2-24-37PM,1458195877367,1458195877000,2016-03-17-2-24-37PM,gps,1.2827804313125615,103.78212446655186,16.0,14.102913197065844,104.64157,0.0
2016-03-17-2-24-47PM,1458195887380,1458195887000,2016-03-17-2-24-47PM,gps,1.2827321892053627,103.7822171252415,16.0,13.890937723983832,94.631004,2.3025365
2016-03-17-2-24-57PM,1458195897523,1458195897000,2016-03-17-2-24-57PM,gps,1.2825341789343345,103.78245373383321,16.0,18.976593005256703,123.36447,4.8307858
2016-03-17-2-25-07PM,1458195907383,1458195907000,2016-03-17-2-25-07PM,gps,1.2821822674387928,103.78306386334695,16.0,19.931348433938204,115.97866,9.531314
2016-03-17-2-25-17PM,1458195917365,1458195917000,2016-03-17-2-25-17PM,gps,1.2815138844806602,103.7840038117174,24.0,18.579741047897464,124.669,12.353049
2016-03-17-2-25-27PM,1458195927364,1458195927000,2016-03-17-2-25-27PM,gps,1.280959681036749,103.78490508637901,16.0,8.180191433405913,122.76833,11.090477
2016-03-17-2-25-37PM,1458195937369,1458195937000,2016-03-17-2-25-37PM,gps,1.2802796972633435,103.78543354476815,24.0,9.370113266656102,155.13524,9.063964
2016-03-17-2-25-45PM,1458195945557,1458195945355,2016-03-17-2-25-45PM,network,1.2800261,103.7855188,38.66,-1.0,-1.0,-1.0
2016-03-17-2-25-57PM,1458195957444,1458195957000,2016-03-17-2-25-57PM,gps,1.2790071298013919,103.7858568136644,12.0,12.028750413164293,132.07864,0.0
2016-03-17-2-26-06PM,1458195966471,1458195965981,2016-03-17-2-26-05PM,network,1.2790645,103.7860997,41.258,-1.0,-1.0,-1.0
2016-03-17-2-26-17PM,1458195977367,1458195977000,2016-03-17-2-26-17PM,gps,1.2784543125731895,103.78605084603167,16.0,16.412489441548892,159.1384,5.2222753
2016-03-17-2-26-22PM,1458195982404,1458195978000,2016-03-17-2-26-18PM,network,1.2788455,103.7862199,52.5,-1.0,-1.0,-1.0
2016-03-17-2-26-37PM,1458195997383,1458195997000,2016-03-17-2-26-37PM,gps,1.2777711630719253,103.78803167053323,24.0,2.6827233505532897,107.387,11.8911705
2016-03-17-2-26-47PM,1458196007364,1458196007000,2016-03-17-2-26-47PM,gps,1.2774877359027883,103.78913624447509,16.0,5.083484707991135,108.70914,12.670522
2016-03-17-2-26-57PM,1458196017364,1458196017000,2016-03-17-2-26-57PM,gps,1.2770294314787627,103.7900950069851,16.0,6.426986170534272,105.78126,10.854599
2016-03-17-2-27-06PM,1458196026793,1458196026365,2016-03-17-2-27-06PM,network,1.2768927,103.7909764,37.5,-1.0,-1.0,-1.0
2016-03-17-2-27-17PM,1458196037367,1458196037000,2016-03-17-2-27-17PM,gps,1.2764385928645265,103.79187072209707,24.0,14.27156242526687,105.16708,10.766062
2016-03-17-2-27-29PM,1458196049370,1458196049000,2016-03-17-2-27-29PM,gps,1.276210242526301,103.79301862193985,24.0,9.68944897731874,101.924126,10.171009
2016-03-17-2-27-42PM,1458196062748,1458196060950,2016-03-17-2-27-40PM,network,1.2757789,103.793597,30.0,-1.0,-1.0,-1.0
2016-03-17-2-28-02PM,1458196082774,1458196081463,2016-03-17-2-28-01PM,network,1.2757783,103.79361,30.0,-1.0,-1.0,-1.0
2016-03-17-2-28-24PM,1458196104806,1458196101427,2016-03-17-2-28-21PM,network,1.2755011,103.7945535,58.5,-1.0,-1.0,-1.0
2016-03-17-2-28-34PM,1458196114344,1458196114000,2016-03-17-2-28-34PM,gps,1.2751076781672916,103.79577707794378,48.0,29.202382819009063,104.0514,11.433985
2016-03-17-2-28-44PM,1458196124377,1458196124000,2016-03-17-2-28-44PM,gps,1.2750374334048689,103.79616646858103,24.0,22.530318153794603,118.95228,0.0
2016-03-17-2-28-53PM,1458196133476,1458196127664,2016-03-17-2-28-47PM,network,1.274867,103.7964648,115.143,-1.0,-1.0,-1.0
2016-03-17-2-29-04PM,1458196144376,1458196144000,2016-03-17-2-29-04PM,gps,1.2750374334048689,103.79616646858103,12.0,22.6252382353922,118.95228,0.0
2016-03-17-2-29-14PM,1458196154415,1458196154000,2016-03-17-2-29-14PM,gps,1.2749509892419835,103.79624957775164,32.0,23.271270757137795,118.95228,0.0
2016-03-17-2-29-23PM,1458196163765,1458196159537,2016-03-17-2-29-19PM,network,1.2748559,103.7965095,117.522,-1.0,-1.0,-1.0
2016-03-17-2-29-34PM,1458196174363,1458196174000,2016-03-17-2-29-34PM,gps,1.2747744237267384,103.79684670952649,24.0,36.87159081146612,117.176445,0.0
2016-03-17-2-29-44PM,1458196184368,1458196184000,2016-03-17-2-29-44PM,gps,1.2747744237267384,103.79684670952649,24.0,36.51391716031833,117.176445,0.0
2016-03-17-2-29-54PM,1458196194424,1458196194000,2016-03-17-2-29-54PM,gps,1.2746398090693607,103.79709125472338,16.0,35.55083503079637,122.319,3.7732573
2016-03-17-2-30-03PM,1458196203988,1458196199658,2016-03-17-2-29-59PM,network,1.2745335,103.7977113,52.5,-1.0,-1.0,-1.0
2016-03-17-2-30-14PM,1458196214358,1458196214000,2016-03-17-2-30-14PM,gps,1.2748249229952795,103.79817995646492,32.0,28.855655167271884,101.37365,3.2309883
2016-03-17-2-30-24PM,1458196224378,1458196224000,2016-03-17-2-30-24PM,gps,1.274662325647425,103.7986181479648,48.0,31.999492066993927,107.867935,0.0
2016-03-17-2-30-35PM,1458196235355,1458196235000,2016-03-17-2-30-35PM,gps,1.274662325647425,103.7986181479648,48.0,31.964579265901055,107.867935,0.0
2016-03-17-2-30-45PM,1458196245148,1458196228281,2016-03-17-2-30-28PM,network,1.2747642,103.7983717,36.0,-1.0,-1.0,-1.0
2016-03-17-2-30-52PM,1458196252418,1458196252000,2016-03-17-2-30-52PM,gps,1.2746224458262951,103.79939052211273,48.0,35.49040112506489,98.31415,10.144268
2016-03-17-2-31-05PM,1458196265543,1458196264299,2016-03-17-2-31-04PM,network,1.2737242,103.8002361,175.5,-1.0,-1.0,-1.0
2016-03-17-2-31-19PM,1458196279483,1458196278999,2016-03-17-2-31-18PM,gps,1.2737087144792123,103.80092298566018,32.0,39.76431956480103,89.42621,0.0
2016-03-17-2-31-29PM,1458196289502,1458196288999,2016-03-17-2-31-28PM,gps,1.273489565867104,103.80123329359829,16.0,35.03866788842472,112.2242,6.929299
2016-03-17-2-31-39PM,1458196299377,1458196298999,2016-03-17-2-31-38PM,gps,1.2732919628022332,103.80164997766879,16.0,30.88704659577185,118.92416,2.16044
2016-03-17-2-31-45PM,1458196305421,1458196300884,2016-03-17-2-31-40PM,network,1.2731549,103.8017844,39.0,-1.0,-1.0,-1.0
2016-03-17-2-31-59PM,1458196319386,1458196318999,2016-03-17-2-31-58PM,gps,1.2732919628022332,103.80164997766879,24.0,31.62777882520592,118.92416,0.0
2016-03-17-2-32-05PM,1458196325176,1458196321021,2016-03-17-2-32-01PM,network,1.2731514,103.801717,55.5,-1.0,-1.0,-1.0
2016-03-17-2-32-19PM,1458196339492,1458196338999,2016-03-17-2-32-18PM,gps,1.2732919628022332,103.80164997766879,24.0,32.328712697751456,118.92416,0.0
2016-03-17-2-32-45PM,1458196365387,1458196364605,2016-03-17-2-32-44PM,network,1.2727288,103.8036075,40.5,-1.0,-1.0,-1.0
2016-03-17-2-33-01PM,1458196381376,1458196380999,2016-03-17-2-33-00PM,gps,1.2728443266899672,103.80410896815171,32.0,38.750898346258516,118.92416,0.0
2016-03-17-2-33-11PM,1458196391376,1458196390999,2016-03-17-2-33-10PM,gps,1.2725361453893742,103.80414049928527,24.0,35.45154126610391,170.70941,3.0411937
2016-03-17-2-33-21PM,1458196401369,1458196400999,2016-03-17-2-33-20PM,gps,1.2722371944224153,103.80470270127167,24.0,21.40329037606615,115.70524,10.20057
2016-03-17-2-33-31PM,1458196411369,1458196410999,2016-03-17-2-33-30PM,gps,1.2718137019183402,103.80600856452159,24.0,17.25353393874781,110.105484,16.213926
2016-03-17-2-33-41PM,1458196421372,1458196420999,2016-03-17-2-33-40PM,gps,1.2713721731203456,103.80754742121498,32.0,5.499385642951602,110.258804,17.188614
2016-03-17-2-33-49PM,1458196429673,1458196429265,2016-03-17-2-33-49PM,network,1.2717974,103.8087412,45.0,-1.0,-1.0,-1.0
2016-03-17-2-34-01PM,1458196441386,1458196440999,2016-03-17-2-34-00PM,gps,1.2711843753233278,103.80950866184648,32.0,12.612328436674872,81.179405,3.6564372
2016-03-17-2-34-11PM,1458196451371,1458196450999,2016-03-17-2-34-10PM,gps,1.2712366414209388,103.81025062760469,24.0,13.367934140046316,94.20499,10.359858
2016-03-17-2-34-22PM,1458196462442,1458196461999,2016-03-17-2-34-21PM,gps,1.2710123455978635,103.81107015488196,32.0,16.94670866109798,111.78744,7.85334
2016-03-17-2-34-32PM,1458196472394,1458196471999,2016-03-17-2-34-31PM,gps,1.271431701536195,103.81111168576206,32.0,11.093933515836891,65.19359,0.0
2016-03-17-2-34-42PM,1458196482366,1458196481999,2016-03-17-2-34-41PM,gps,1.2715220687623052,103.8111444048828,32.0,13.552359781387315,57.244164,0.0
2016-03-17-2-34-49PM,1458196489934,1458196489459,2016-03-17-2-34-49PM,network,1.2709059,103.8113228,30.0,-1.0,-1.0,-1.0
2016-03-17-2-35-02PM,1458196502494,1458196501999,2016-03-17-2-35-01PM,gps,1.2715220687623052,103.8111444048828,32.0,23.396647731087103,57.244164,0.0
2016-03-17-2-35-12PM,1458196512414,1458196511999,2016-03-17-2-35-11PM,gps,1.2715220687623052,103.8111444048828,16.0,24.02262509699617,57.244164,0.0
2016-03-17-2-35-22PM,1458196522366,1458196521999,2016-03-17-2-35-21PM,gps,1.2715220687623052,103.8111444048828,32.0,24.810969774954195,57.244164,0.0
2016-03-17-2-35-32PM,1458196532414,1458196531999,2016-03-17-2-35-31PM,gps,1.2715220687623052,103.8111444048828,32.0,25.218825681224327,57.244164,0.0
2016-03-17-2-35-42PM,1458196542374,1458196541999,2016-03-17-2-35-41PM,gps,1.2713218702281455,103.81173706415629,16.0,39.73830606267592,111.993385,8.875241
2016-03-17-2-35-49PM,1458196549809,1458196549557,2016-03-17-2-35-49PM,network,1.271134,103.8117971,31.5,-1.0,-1.0,-1.0
2016-03-17-2-36-02PM,1458196562368,1458196561999,2016-03-17-2-36-01PM,gps,1.2699422614249412,103.81338720647402,16.0,32.20785168833264,130.38118,11.574659
2016-03-17-2-36-12PM,1458196572626,1458196571999,2016-03-17-2-36-11PM,gps,1.2692463884726093,103.81429217940261,16.0,21.665346429354912,121.98147,13.498287
2016-03-17-2-36-23PM,1458196583425,1458196582999,2016-03-17-2-36-22PM,gps,1.268768409240151,103.8155816229475,16.0,24.245606836080498,106.8686,11.437437
2016-03-17-2-36-33PM,1458196593375,1458196592999,2016-03-17-2-36-32PM,gps,1.2685771662037415,103.8159440377208,16.0,26.659993351509097,93.53168,0.0
2016-03-17-2-36-43PM,1458196603396,1458196602999,2016-03-17-2-36-42PM,gps,1.2685771662037415,103.8159440377208,12.0,26.079858292615103,93.53168,0.0
2016-03-17-2-36-49PM,1458196609885,1458196605564,2016-03-17-2-36-45PM,network,1.2665601,103.8196336,500.0,-1.0,-1.0,-1.0
2016-03-17-2-37-03PM,1458196623371,1458196622999,2016-03-17-2-37-02PM,gps,1.2684488458912713,103.81624667436964,12.0,24.942862991967466,135.80606,1.5860665
2016-03-17-2-37-13PM,1458196633420,1458196632999,2016-03-17-2-37-12PM,gps,1.2680854481430817,103.81680967597133,16.0,11.669430930453471,119.30435,10.374621
2016-03-17-2-37-23PM,1458196643373,1458196642999,2016-03-17-2-37-22PM,gps,1.26746071004524,103.81777592197987,12.0,22.428361480482362,125.96302,12.863987
2016-03-17-2-37-33PM,1458196653374,1458196652999,2016-03-17-2-37-32PM,gps,1.267110096500169,103.81814179569109,12.0,22.57651790579484,176.52365,0.0
2016-03-17-2-37-43PM,1458196663399,1458196662999,2016-03-17-2-37-42PM,gps,1.267110096500169,103.81814179569109,8.0,22.33711253300599,176.52365,0.0
2016-03-17-2-37-49PM,1458196669854,1458196665703,2016-03-17-2-37-45PM,network,1.2665601,103.8196336,500.0,-1.0,-1.0,-1.0
2016-03-17-2-38-03PM,1458196683368,1458196682999,2016-03-17-2-38-02PM,gps,1.267110096500169,103.81814179569109,12.0,21.81683008540097,176.52365,0.0
2016-03-17-2-38-13PM,1458196693370,1458196692999,2016-03-17-2-38-12PM,gps,1.267110096500169,103.81814179569109,12.0,21.652097051792374,176.52365,0.0
2016-03-17-2-38-23PM,1458196703368,1458196702999,2016-03-17-2-38-22PM,gps,1.267110096500169,103.81814179569109,16.0,21.524331612755702,176.52365,0.0
2016-03-17-2-38-33PM,1458196713452,1458196712999,2016-03-17-2-38-32PM,gps,1.267110096500169,103.81814179569109,12.0,21.437891755300218,176.52365,0.0
2016-03-17-2-38-43PM,1458196723513,1458196722999,2016-03-17-2-38-42PM,gps,1.2670616508553247,103.81818727391415,24.0,20.04793537630291,114.54858,4.9768972
2016-03-17-2-38-50PM,1458196730942,1458196725812,2016-03-17-2-38-45PM,network,1.2665601,103.8196336,500.0,-1.0,-1.0,-1.0
2016-03-17-2-39-03PM,1458196743367,1458196742999,2016-03-17-2-39-02PM,gps,1.266079142943228,103.81954150145053,24.0,21.277935749044918,102.8012,4.77285
2016-03-17-2-39-13PM,1458196753390,1458196752999,2016-03-17-2-39-12PM,gps,1.266078298052411,103.81956747918012,16.0,20.310647655169156,118.769066,0.0
2016-03-17-2-39-19PM,1458196759866,1458196759741,2016-03-17-2-39-19PM,network,1.268607,103.8225285,40.5,-1.0,-1.0,-1.0
2016-03-17-2-39-33PM,1458196773371,1458196772999,2016-03-17-2-39-32PM,gps,1.266078298052411,103.81956747918012,32.0,20.72759447930653,118.769066,0.0
2016-03-17-2-39-43PM,1458196783376,1458196782999,2016-03-17-2-39-42PM,gps,1.266078298052411,103.81956747918012,24.0,20.260069698930657,118.769066,0.0
2016-03-17-2-39-53PM,1458196793388,1458196792999,2016-03-17-2-39-52PM,gps,1.266078298052411,103.81956747918012,12.0,19.92299309165373,118.769066,0.0
2016-03-17-2-40-03PM,1458196803396,1458196802999,2016-03-17-2-40-02PM,gps,1.266078298052411,103.81956747918012,12.0,19.803606765637454,118.769066,0.0
2016-03-17-2-40-13PM,1458196813398,1458196812999,2016-03-17-2-40-12PM,gps,1.266078298052411,103.81956747918012,6.0,19.733994106127124,118.769066,0.0
2016-03-17-2-40-23PM,1458196823377,1458196822999,2016-03-17-2-40-22PM,gps,1.266078298052411,103.81956747918012,8.0,17.883960140218694,118.769066,0.0
2016-03-17-2-40-33PM,1458196833371,1458196832999,2016-03-17-2-40-32PM,gps,1.2661646972253982,103.81957708593946,6.0,15.546754542548054,118.769066,0.0
2016-03-17-2-40-43PM,1458196843371,1458196842999,2016-03-17-2-40-42PM,gps,1.2662407445090884,103.81953264335202,8.0,14.572082621628711,118.769066,0.0
2016-03-17-2-40-53PM,1458196853389,1458196853000,2016-03-17-2-40-53PM,gps,1.2662450202687126,103.81952481559952,8.0,15.600569771917533,298.48788,0.0
2016-03-17-2-41-03PM,1458196863396,1458196863000,2016-03-17-2-41-03PM,gps,1.2663150736347306,103.81941344435262,8.0,16.376517528282726,24.505672,0.0
2016-03-17-2-41-13PM,1458196873375,1458196873000,2016-03-17-2-41-13PM,gps,1.2663489819168707,103.81938899362632,6.0,16.254808428551414,321.66714,0.0
2016-03-17-2-41-23PM,1458196883383,1458196883000,2016-03-17-2-41-23PM,gps,1.2663489819168707,103.81938899362632,6.0,16.28181986309743,321.66714,0.0
2016-03-17-2-41-33PM,1458196893380,1458196893000,2016-03-17-2-41-33PM,gps,1.2663489819168707,103.81938899362632,4.0,15.919236705398612,321.66714,0.0
2016-03-17-2-41-43PM,1458196903394,1458196903000,2016-03-17-2-41-43PM,gps,1.2662507820526652,103.81947797124192,8.0,16.32006865287304,138.81822,0.0
2016-03-17-2-41-53PM,1458196913387,1458196913000,2016-03-17-2-41-53PM,gps,1.2661795369666569,103.81958585664853,6.0,17.150014625670085,128.74615,0.0
2016-03-17-2-42-02PM,1458196922558,1458196922124,2016-03-17-2-42-02PM,network,1.2662146,103.819996,54.0,-1.0,-1.0,-1.0
2016-03-17-2-42-13PM,1458196933557,1458196933000,2016-03-17-2-42-13PM,gps,1.2661174704094382,103.81974827860248,6.0,17.361629666221567,128.74615,0.0
2016-03-17-2-42-23PM,1458196943376,1458196943000,2016-03-17-2-42-23PM,gps,1.2661174704094382,103.81974827860248,4.0,16.64060544891404,128.74615,0.0
2016-03-17-2-42-33PM,1458196953442,1458196953000,2016-03-17-2-42-33PM,gps,1.2661174704094382,103.81974827860248,12.0,15.857071413109932,128.74615,0.0
2016-03-17-2-42-39PM,1458196959643,1458196954167,2016-03-17-2-42-34PM,network,1.2654316,103.8199314,90.0,-1.0,-1.0,-1.0
2016-03-17-2-42-53PM,1458196973375,1458196973000,2016-03-17-2-42-53PM,gps,1.2659669039597512,103.81979284537688,8.0,12.986337391240799,128.74615,0.0
2016-03-17-2-43-03PM,1458196983373,1458196983000,2016-03-17-2-43-03PM,gps,1.2657935258907043,103.81981567223787,16.0,14.671675612827954,185.86536,0.0
2016-03-17-2-43-13PM,1458196993455,1458196993000,2016-03-17-2-43-13PM,gps,1.265583880176939,103.81964483595881,8.0,16.037428480087907,185.86536,0.0
2016-03-17-2-43-19PM,1458196999840,1458196995228,2016-03-17-2-43-15PM,network,1.2652195,103.819418,85.62,-1.0,-1.0,-1.0
2016-03-17-2-43-33PM,1458197013499,1458197013000,2016-03-17-2-43-33PM,gps,1.265399071558642,103.81956008586583,8.0,24.21026930990587,205.11482,0.0
2016-03-17-2-43-40PM,1458197020297,1458197015384,2016-03-17-2-43-35PM,network,1.2652473,103.8194199,31.5,-1.0,-1.0,-1.0
2016-03-17-2-43-53PM,1458197033385,1458197033000,2016-03-17-2-43-53PM,gps,1.2651024603966525,103.81970112402976,8.0,37.463943951064095,174.44507,0.0
2016-03-17-2-44-03PM,1458197043377,1458197043000,2016-03-17-2-44-03PM,gps,1.2651107138849234,103.81958961116196,16.0,36.447581670601586,218.67503,0.0
2016-03-17-2-44-13PM,1458197053384,1458197053000,2016-03-17-2-44-13PM,gps,1.265105948611041,103.81963437720798,8.0,36.78041972817075,91.02861,1.0322069
2016-03-17-2-44-23PM,1458197063376,1458197063000,2016-03-17-2-44-23PM,gps,1.2650771258513833,103.81968048079489,12.0,36.01377529377307,115.92395,0.48678476
2016-03-17-2-44-33PM,1458197073394,1458197073000,2016-03-17-2-44-33PM,gps,1.2650807032275224,103.81976926908983,12.0,33.04558558592426,147.55998,0.47180623
2016-03-17-2-44-43PM,1458197083254,1458197082359,2016-03-17-2-44-42PM,network,1.2650371,103.8195614,93.064,-1.0,-1.0,-1.0
2016-03-17-2-45-06PM,1458197106884,1458197106814,2016-03-17-2-45-06PM,network,1.2651071,103.8196463,51.0,-1.0,-1.0,-1.0
2016-03-17-2-45-27PM,1458197127352,1458197127018,2016-03-17-2-45-27PM,network,1.265227,103.8199947,49.211,-1.0,-1.0,-1.0
2016-03-17-2-45-45PM,1458197145646,1458197145630,2016-03-17-2-45-45PM,network,1.265227,103.8199947,49.211,-1.0,-1.0,-1.0
2016-03-17-2-46-27PM,1458197187471,1458197186344,2016-03-17-2-46-26PM,network,1.2650024,103.8205504,124.674,-1.0,-1.0,-1.0
2016-03-17-2-46-46PM,1458197206482,1458197206400,2016-03-17-2-46-46PM,network,1.2649633,103.8205792,121.358,-1.0,-1.0,-1.0
2016-03-17-2-47-06PM,1458197226923,1458197226669,2016-03-17-2-47-06PM,network,1.2653248,103.8205639,132.897,-1.0,-1.0,-1.0
2016-03-17-2-47-26PM,1458197246695,1458197246643,2016-03-17-2-47-26PM,network,1.2653226,103.8206007,129.722,-1.0,-1.0,-1.0
2016-03-17-2-47-47PM,1458197267067,1458197267009,2016-03-17-2-47-47PM,network,1.2651595,103.8206208,122.282,-1.0,-1.0,-1.0
2016-03-17-2-48-07PM,1458197287013,1458197286913,2016-03-17-2-48-06PM,network,1.265312,103.8205834,130.762,-1.0,-1.0,-1.0
2016-03-17-2-48-27PM,1458197307251,1458197306850,2016-03-17-2-48-26PM,network,1.2648976,103.8217787,113.641,-1.0,-1.0,-1.0
2016-03-17-2-48-47PM,1458197327993,1458197327936,2016-03-17-2-48-47PM,network,1.2648915,103.8218221,31.237,-1.0,-1.0,-1.0
2016-03-17-2-49-08PM,1458197348079,1458197348022,2016-03-17-2-49-08PM,network,1.2649909,103.8218204,113.836,-1.0,-1.0,-1.0
2016-03-17-2-49-28PM,1458197368130,1458197368071,2016-03-17-2-49-28PM,network,1.2649029,103.8217981,30.622,-1.0,-1.0,-1.0
2016-03-17-2-49-48PM,1458197388295,1458197388239,2016-03-17-2-49-48PM,network,1.2649263,103.8218089,28.289,-1.0,-1.0,-1.0
2016-03-17-2-50-08PM,1458197408522,1458197408455,2016-03-17-2-50-08PM,network,1.2649923,103.8218072,25.328,-1.0,-1.0,-1.0
2016-03-17-2-50-28PM,1458197428484,1458197428423,2016-03-17-2-50-28PM,network,1.2649537,103.821829,25.448,-1.0,-1.0,-1.0
2016-03-17-2-50-48PM,1458197448556,1458197448505,2016-03-17-2-50-48PM,network,1.2650104,103.8218439,25.0,-1.0,-1.0,-1.0
2016-03-17-2-51-08PM,1458197468895,1458197468602,2016-03-17-2-51-08PM,network,1.2651082,103.8211307,139.965,-1.0,-1.0,-1.0
2016-03-17-2-51-29PM,1458197489633,1458197489573,2016-03-17-2-51-29PM,network,1.2649151,103.8209578,147.237,-1.0,-1.0,-1.0
2016-03-17-2-51-49PM,1458197509776,1458197509711,2016-03-17-2-51-49PM,network,1.2652341,103.8209242,85.202,-1.0,-1.0,-1.0
2016-03-17-2-52-09PM,1458197529687,1458197529631,2016-03-17-2-52-09PM,network,1.2650004,103.8209394,66.77,-1.0,-1.0,-1.0
2016-03-17-2-52-30PM,1458197550401,1458197549723,2016-03-17-2-52-29PM,network,1.2653495,103.8207769,67.915,-1.0,-1.0,-1.0
2016-03-17-2-52-53PM,1458197573844,1458197573543,2016-03-17-2-52-53PM,network,1.265518,103.8210309,86.899,-1.0,-1.0,-1.0
2016-03-17-2-53-13PM,1458197593623,1458197593552,2016-03-17-2-53-13PM,network,1.2655114,103.8210539,89.089,-1.0,-1.0,-1.0
2016-03-17-2-53-33PM,1458197613975,1458197613597,2016-03-17-2-53-33PM,network,1.2655232,103.8210375,87.253,-1.0,-1.0,-1.0
2016-03-17-2-53-54PM,1458197634147,1458197634071,2016-03-17-2-53-54PM,network,1.2654498,103.8209787,86.453,-1.0,-1.0,-1.0
2016-03-17-2-54-14PM,1458197654219,1458197654111,2016-03-17-2-54-14PM,network,1.265523,103.8210559,88.814,-1.0,-1.0,-1.0
2016-03-17-2-54-34PM,1458197674225,1458197674147,2016-03-17-2-54-34PM,network,1.2655044,103.8210442,88.549,-1.0,-1.0,-1.0
2016-03-17-2-54-54PM,1458197694263,1458197694205,2016-03-17-2-54-54PM,network,1.2655303,103.8210281,86.189,-1.0,-1.0,-1.0
2016-03-17-2-55-14PM,1458197714320,1458197714237,2016-03-17-2-55-14PM,network,1.2655145,103.8210537,88.952,-1.0,-1.0,-1.0
2016-03-17-2-55-34PM,1458197734313,1458197734244,2016-03-17-2-55-34PM,network,1.2655026,103.8210483,88.964,-1.0,-1.0,-1.0
2016-03-17-2-55-54PM,1458197754347,1458197754272,2016-03-17-2-55-54PM,network,1.2655072,103.8210318,87.401,-1.0,-1.0,-1.0
2016-03-17-2-56-14PM,1458197774334,1458197774256,2016-03-17-2-56-14PM,network,1.2655154,103.8210485,88.48,-1.0,-1.0,-1.0
2016-03-17-2-56-35PM,1458197795321,1458197795276,2016-03-17-2-56-35PM,network,1.2655139,103.8210249,86.558,-1.0,-1.0,-1.0
2016-03-17-2-56-55PM,1458197815426,1458197815354,2016-03-17-2-56-55PM,network,1.2655179,103.821066,89.86,-1.0,-1.0,-1.0
2016-03-17-2-57-16PM,1458197836884,1458197836805,2016-03-17-2-57-16PM,network,1.2655257,103.8210297,86.5,-1.0,-1.0,-1.0
2016-03-17-2-57-36PM,1458197856902,1458197856813,2016-03-17-2-57-36PM,network,1.2655083,103.821025,86.789,-1.0,-1.0,-1.0
2016-03-17-2-57-56PM,1458197876902,1458197876850,2016-03-17-2-57-56PM,network,1.2655057,103.8210353,87.753,-1.0,-1.0,-1.0
2016-03-17-2-58-16PM,1458197896944,1458197896869,2016-03-17-2-58-16PM,network,1.2655309,103.8210416,87.307,-1.0,-1.0,-1.0
2016-03-17-2-58-39PM,1458197919347,1458197919254,2016-03-17-2-58-39PM,network,1.2655116,103.8210391,87.838,-1.0,-1.0,-1.0
2016-03-17-2-58-59PM,1458197939370,1458197939308,2016-03-17-2-58-59PM,network,1.2655152,103.8210378,87.588,-1.0,-1.0,-1.0
2016-03-17-2-59-19PM,1458197959331,1458197959271,2016-03-17-2-59-19PM,network,1.2655215,103.8210156,85.479,-1.0,-1.0,-1.0
2016-03-17-2-59-40PM,1458197980583,1458197980515,2016-03-17-2-59-40PM,network,1.26544,103.8209787,86.803,-1.0,-1.0,-1.0
2016-03-17-3-00-00PM,1458198000635,1458198000588,2016-03-17-3-00-00PM,network,1.2655179,103.82101,85.153,-1.0,-1.0,-1.0
2016-03-17-3-00-20PM,1458198020609,1458198020513,2016-03-17-3-00-20PM,network,1.2655083,103.8210494,88.831,-1.0,-1.0,-1.0
2016-03-17-3-00-40PM,1458198040602,1458198040545,2016-03-17-3-00-40PM,network,1.2654941,103.8210535,89.737,-1.0,-1.0,-1.0
2016-03-17-3-01-00PM,1458198060598,1458198060544,2016-03-17-3-01-00PM,network,1.2654863,103.8210926,75.421,-1.0,-1.0,-1.0
2016-03-17-3-01-20PM,1458198080722,1458198080677,2016-03-17-3-01-20PM,network,1.2654967,103.8210304,87.708,-1.0,-1.0,-1.0
2016-03-17-3-01-40PM,1458198100701,1458198100631,2016-03-17-3-01-40PM,network,1.265503,103.8210271,87.178,-1.0,-1.0,-1.0
2016-03-17-3-02-00PM,1458198120740,1458198120676,2016-03-17-3-02-00PM,network,1.2655157,103.8210196,86.043,-1.0,-1.0,-1.0
2016-03-17-3-02-20PM,1458198140732,1458198140677,2016-03-17-3-02-20PM,network,1.2655045,103.8210365,87.901,-1.0,-1.0,-1.0
2016-03-17-3-02-41PM,1458198161891,1458198161829,2016-03-17-3-02-41PM,network,1.2655084,103.8210337,87.512,-1.0,-1.0,-1.0
2016-03-17-3-03-01PM,1458198181872,1458198181808,2016-03-17-3-03-01PM,network,1.2655074,103.8210515,89.043,-1.0,-1.0,-1.0
2016-03-17-3-04-42PM,1458198282775,1458198278168,2016-03-17-3-04-38PM,network,1.2745711,103.7982616,1100.0,-1.0,-1.0,-1.0
2016-03-17-3-05-02PM,1458198302390,1458198302166,2016-03-17-3-05-02PM,network,1.2706789,103.8098533,39.0,-1.0,-1.0,-1.0
2016-03-17-3-05-22PM,1458198322300,1458198322157,2016-03-17-3-05-22PM,network,1.270677,103.8098499,40.5,-1.0,-1.0,-1.0
2016-03-17-3-05-42PM,1458198342245,1458198338254,2016-03-17-3-05-38PM,network,1.2745711,103.7982616,1100.0,-1.0,-1.0,-1.0
2016-03-17-3-06-02PM,1458198362277,1458198358253,2016-03-17-3-05-58PM,network,1.2745711,103.7982616,1100.0,-1.0,-1.0,-1.0
2016-03-17-3-06-22PM,1458198382273,1458198382234,2016-03-17-3-06-22PM,network,1.3180705,103.892355,30.0,-1.0,-1.0,-1.0
2016-03-17-3-06-43PM,1458198403428,1458198403025,2016-03-17-3-06-43PM,network,1.2722798,103.8025069,25.0,-1.0,-1.0,-1.0
2016-03-17-3-07-03PM,1458198423098,1458198423027,2016-03-17-3-07-03PM,network,1.2722793,103.8025233,24.0,-1.0,-1.0,-1.0
2016-03-17-3-07-23PM,1458198443235,1458198439156,2016-03-17-3-07-19PM,network,1.2745711,103.7982616,1100.0,-1.0,-1.0,-1.0
2016-03-17-3-07-44PM,1458198464372,1458198460109,2016-03-17-3-07-40PM,network,1.2745711,103.7982616,1100.0,-1.0,-1.0,-1.0
2016-03-17-3-08-04PM,1458198484207,1458198484112,2016-03-17-3-08-04PM,network,1.3080834,103.8872285,33.0,-1.0,-1.0,-1.0
2016-03-17-3-08-24PM,1458198504180,1458198500160,2016-03-17-3-08-20PM,network,1.2745711,103.7982616,1100.0,-1.0,-1.0,-1.0
2016-03-17-3-08-44PM,1458198524258,1458198524193,2016-03-17-3-08-44PM,network,1.3080834,103.8872285,33.0,-1.0,-1.0,-1.0
2016-03-17-3-09-04PM,1458198544221,1458198540229,2016-03-17-3-09-00PM,network,1.2830903,103.7913798,1100.0,-1.0,-1.0,-1.0
2016-03-17-3-09-24PM,1458198564883,1458198564288,2016-03-17-3-09-24PM,network,1.2761059,103.7919061,39.0,-1.0,-1.0,-1.0
2016-03-17-3-09-45PM,1458198585294,1458198585250,2016-03-17-3-09-45PM,network,1.2761584,103.7918192,40.5,-1.0,-1.0,-1.0
2016-03-17-3-10-05PM,1458198605425,1458198601391,2016-03-17-3-10-01PM,network,1.2830903,103.7913798,1100.0,-1.0,-1.0,-1.0
2016-03-17-3-10-14PM,1458198614490,1458198614443,2016-03-17-3-10-14PM,network,1.3080814,103.8872282,42.0,-1.0,-1.0,-1.0
2016-03-17-3-10-39PM,1458198639529,1458198635508,2016-03-17-3-10-35PM,network,1.2886941,103.7830497,1200.0,-1.0,-1.0,-1.0
2016-03-17-3-10-59PM,1458198659563,1458198655520,2016-03-17-3-10-55PM,network,1.2886941,103.7830497,1200.0,-1.0,-1.0,-1.0
2016-03-17-3-11-21PM,1458198681241,1458198679225,2016-03-17-3-11-19PM,network,1.2886941,103.7830497,1200.0,-1.0,-1.0,-1.0
2016-03-17-3-11-43PM,1458198703253,1458198699239,2016-03-17-3-11-39PM,network,1.2886941,103.7830497,1200.0,-1.0,-1.0,-1.0
2016-03-17-3-12-03PM,1458198723293,1458198719249,2016-03-17-3-11-59PM,network,1.2886941,103.7830497,1200.0,-1.0,-1.0,-1.0
2016-03-17-3-12-23PM,1458198743295,1458198739280,2016-03-17-3-12-19PM,network,1.2886941,103.7830497,1200.0,-1.0,-1.0,-1.0
2016-03-17-3-12-43PM,1458198763319,1458198763264,2016-03-17-3-12-43PM,network,1.3180693,103.8923535,37.5,-1.0,-1.0,-1.0
2016-03-17-3-13-03PM,1458198783421,1458198779294,2016-03-17-3-12-59PM,network,1.2965696,103.7873958,1799.999,-1.0,-1.0,-1.0
2016-03-17-3-13-23PM,1458198803360,1458198803294,2016-03-17-3-13-23PM,network,1.3080814,103.8872282,42.0,-1.0,-1.0,-1.0
2016-03-17-3-13-43PM,1458198823438,1458198819337,2016-03-17-3-13-39PM,network,1.2965696,103.7873958,1799.999,-1.0,-1.0,-1.0
2016-03-17-3-14-03PM,1458198843423,1458198843314,2016-03-17-3-14-03PM,network,1.2943084,103.7843078,40.5,-1.0,-1.0,-1.0
2016-03-17-3-14-28PM,1458198868379,1458198864352,2016-03-17-3-14-24PM,network,1.2965696,103.7873958,1799.999,-1.0,-1.0,-1.0
2016-03-17-3-14-48PM,1458198888764,1458198884377,2016-03-17-3-14-44PM,network,1.2965696,103.7873958,1799.999,-1.0,-1.0,-1.0
2016-03-17-3-15-10PM,1458198910142,1458198906127,2016-03-17-3-15-06PM,network,1.2965696,103.7873958,1799.999,-1.0,-1.0,-1.0
2016-03-17-3-15-30PM,1458198930154,1458198930107,2016-03-17-3-15-30PM,network,1.3180693,103.8923535,37.5,-1.0,-1.0,-1.0
2016-03-17-3-15-51PM,1458198951225,1458198951166,2016-03-17-3-15-51PM,network,1.3180693,103.8923534,36.0,-1.0,-1.0,-1.0
2016-03-17-3-16-11PM,1458198971280,1458198971139,2016-03-17-3-16-11PM,network,1.318069,103.8923533,37.5,-1.0,-1.0,-1.0
2016-03-17-3-16-31PM,1458198991254,1458198987214,2016-03-17-3-16-27PM,network,1.3021335,103.7866714,1200.0,-1.0,-1.0,-1.0
2016-03-17-3-16-51PM,1458199011477,1458199011346,2016-03-17-3-16-51PM,network,1.318069,103.8923533,37.5,-1.0,-1.0,-1.0
2016-03-17-3-17-11PM,1458199031482,1458199031407,2016-03-17-3-17-11PM,network,1.3180693,103.8923534,37.5,-1.0,-1.0,-1.0
2016-03-17-3-17-32PM,1458199052628,1458199052574,2016-03-17-3-17-32PM,network,1.3180682,103.8923544,36.0,-1.0,-1.0,-1.0
2016-03-17-3-17-52PM,1458199072592,1458199072557,2016-03-17-3-17-52PM,network,1.3180682,103.8923544,36.0,-1.0,-1.0,-1.0
2016-03-17-3-18-12PM,1458199092649,1458199092588,2016-03-17-3-18-12PM,network,1.3069471,103.7905195,20.0,-1.0,-1.0,-1.0
2016-03-17-3-18-32PM,1458199112987,1458199112832,2016-03-17-3-18-32PM,network,1.3070255,103.7904971,20.0,-1.0,-1.0,-1.0
2016-03-17-3-18-52PM,1458199132829,1458199132689,2016-03-17-3-18-52PM,network,1.3070134,103.7904993,20.0,-1.0,-1.0,-1.0
2016-03-17-3-19-15PM,1458199155090,1458199155031,2016-03-17-3-19-15PM,network,1.3070267,103.790502,20.0,-1.0,-1.0,-1.0
2016-03-17-3-19-35PM,1458199175129,1458199175065,2016-03-17-3-19-35PM,network,1.3070258,103.7904976,20.0,-1.0,-1.0,-1.0
2016-03-17-3-19-56PM,1458199196950,1458199196816,2016-03-17-3-19-56PM,network,1.30668,103.7903729,36.0,-1.0,-1.0,-1.0
2016-03-17-3-20-17PM,1458199217299,1458199216842,2016-03-17-3-20-16PM,network,1.3066712,103.7903984,37.5,-1.0,-1.0,-1.0
2016-03-17-3-20-37PM,1458199237698,1458199237599,2016-03-17-3-20-37PM,network,1.3067222,103.7904091,43.5,-1.0,-1.0,-1.0
2016-03-17-3-20-57PM,1458199257808,1458199257617,2016-03-17-3-20-57PM,network,1.3061577,103.7901449,83.628,-1.0,-1.0,-1.0
2016-03-17-3-21-14PM,1458199274682,1458199275000,2016-03-17-3-21-15PM,gps,1.3068360525231038,103.79071025633192,48.0,23.06644029648063,305.13647,0.0
2016-03-17-3-21-24PM,1458199284636,1458199285000,2016-03-17-3-21-25PM,gps,1.3068319497274667,103.79077438525138,24.0,25.377492653413555,305.13647,0.0
2016-03-17-3-21-34PM,1458199294619,1458199295000,2016-03-17-3-21-35PM,gps,1.3069154547571242,103.79096129927883,48.0,26.6110532910928,52.617348,1.2352571
2016-03-17-3-21-59PM,1458199319062,1458199318939,2016-03-17-3-21-58PM,network,1.3066608,103.7905242,27.155,-1.0,-1.0,-1.0
2016-03-17-3-22-19PM,1458199339289,1458199338952,2016-03-17-3-22-18PM,network,1.3073937,103.7907992,55.476,-1.0,-1.0,-1.0
2016-03-17-3-22-40PM,1458199360200,1458199359998,2016-03-17-3-22-39PM,network,1.3077179,103.7900335,110.223,-1.0,-1.0,-1.0
2016-03-17-3-23-00PM,1458199380093,1458199380047,2016-03-17-3-23-00PM,network,1.3067199,103.7906249,60.0,-1.0,-1.0,-1.0
2016-03-17-3-23-20PM,1458199400148,1458199400072,2016-03-17-3-23-20PM,network,1.3061798,103.7902821,73.566,-1.0,-1.0,-1.0
2016-03-17-3-23-33PM,1458199413650,1458199414000,2016-03-17-3-23-34PM,gps,1.3072526002731581,103.79018766570739,16.0,62.35662813702228,287.6297,0.96841973
2016-03-17-3-23-40PM,1458199420131,1458199420059,2016-03-17-3-23-40PM,network,1.3065191,103.790444,87.0,-1.0,-1.0,-1.0
2016-03-17-3-23-53PM,1458199433650,1458199434000,2016-03-17-3-23-54PM,gps,1.307015810465547,103.79020576880681,16.0,61.84658683197999,291.56882,0.79489523
2016-03-17-3-24-00PM,1458199440176,1458199440090,2016-03-17-3-24-00PM,network,1.3060964,103.7902416,48.0,-1.0,-1.0,-1.0
2016-03-17-3-24-13PM,1458199453646,1458199454000,2016-03-17-3-24-14PM,gps,1.3071018984832867,103.79000235914351,12.0,54.92958969150344,300.19882,0.705157
2016-03-17-3-24-20PM,1458199460116,1458199460069,2016-03-17-3-24-20PM,network,1.3059513,103.7901288,37.5,-1.0,-1.0,-1.0
2016-03-17-3-24-33PM,1458199473689,1458199474000,2016-03-17-3-24-34PM,gps,1.3071412047320123,103.78980522097049,12.0,48.792724513003265,286.60388,0.69175375
2016-03-17-3-24-40PM,1458199480208,1458199480159,2016-03-17-3-24-40PM,network,1.3060573,103.7901836,31.5,-1.0,-1.0,-1.0
2016-03-17-3-24-53PM,1458199493699,1458199494000,2016-03-17-3-24-54PM,gps,1.307174813573,103.78965030861085,12.0,43.721417809815115,274.0876,0.79612935
2016-03-17-3-25-00PM,1458199500565,1458199500511,2016-03-17-3-25-00PM,network,1.3059666,103.7901649,40.5,-1.0,-1.0,-1.0
2016-03-17-3-25-13PM,1458199513647,1458199514000,2016-03-17-3-25-14PM,gps,1.3072451410974488,103.78950762435615,12.0,39.99995996546117,351.78745,0.872136
2016-03-17-3-25-20PM,1458199520991,1458199520518,2016-03-17-3-25-20PM,network,1.3061446,103.7893945,80.74,-1.0,-1.0,-1.0
2016-03-17-3-25-33PM,1458199533644,1458199534000,2016-03-17-3-25-34PM,gps,1.3072455013801054,103.78932369986194,6.0,37.12254827904639,168.12164,0.9008677
2016-03-17-3-25-42PM,1458199542231,1458199542017,2016-03-17-3-25-42PM,network,1.3061006,103.7900552,137.024,-1.0,-1.0,-1.0
2016-03-17-3-25-53PM,1458199553641,1458199554000,2016-03-17-3-25-54PM,gps,1.3069796645665641,103.78927163728954,6.0,34.79958334294152,195.94647,1.0512607
2016-03-17-3-26-02PM,1458199562351,1458199562205,2016-03-17-3-26-02PM,network,1.3060764,103.7901126,31.5,-1.0,-1.0,-1.0
2016-03-17-3-26-13PM,1458199573766,1458199574000,2016-03-17-3-26-14PM,gps,1.3068041679532654,103.78916620120135,6.0,32.64801576083688,193.74452,1.0445001
2016-03-17-3-26-22PM,1458199582172,1458199582110,2016-03-17-3-26-22PM,network,1.3060182,103.7900694,30.616,-1.0,-1.0,-1.0
2016-03-17-3-26-33PM,1458199593670,1458199594000,2016-03-17-3-26-34PM,gps,1.3066171415912464,103.78909452097561,6.0,29.244216805705687,213.25787,0.98136646
2016-03-17-3-26-42PM,1458199602478,1458199602228,2016-03-17-3-26-42PM,network,1.3065142,103.7891902,80.422,-1.0,-1.0,-1.0
2016-03-17-3-27-02PM,1458199622231,1458199622162,2016-03-17-3-27-02PM,network,1.3065044,103.7891693,81.705,-1.0,-1.0,-1.0
2016-03-17-3-27-22PM,1458199642468,1458199642416,2016-03-17-3-27-22PM,network,1.3064783,103.7892067,77.521,-1.0,-1.0,-1.0
2016-03-17-3-27-42PM,1458199662510,1458199662389,2016-03-17-3-27-42PM,network,1.3063647,103.7893495,61.06,-1.0,-1.0,-1.0
2016-03-17-3-28-02PM,1458199682509,1458199682405,2016-03-17-3-28-02PM,network,1.3061545,103.7893832,44.115,-1.0,-1.0,-1.0
2016-03-17-3-28-23PM,1458199703049,1458199702652,2016-03-17-3-28-22PM,network,1.3068951,103.7880572,194.952,-1.0,-1.0,-1.0
2016-03-17-3-28-42PM,1458199722675,1458199722609,2016-03-17-3-28-42PM,network,1.3068084,103.7883684,61.088,-1.0,-1.0,-1.0
2016-03-17-3-29-02PM,1458199742686,1458199742627,2016-03-17-3-29-02PM,network,1.3067805,103.7883174,57.449,-1.0,-1.0,-1.0
2016-03-17-3-29-22PM,1458199762829,1458199762735,2016-03-17-3-29-22PM,network,1.3068291,103.7881296,163.681,-1.0,-1.0,-1.0
2016-03-17-3-29-42PM,1458199782836,1458199782745,2016-03-17-3-29-42PM,network,1.3069336,103.7878853,210.857,-1.0,-1.0,-1.0
2016-03-17-3-30-04PM,1458199804356,1458199804234,2016-03-17-3-30-04PM,network,1.3069177,103.7879449,205.235,-1.0,-1.0,-1.0
2016-03-17-3-30-24PM,1458199824328,1458199824276,2016-03-17-3-30-24PM,network,1.3068696,103.7880576,32.043,-1.0,-1.0,-1.0
2016-03-17-3-30-44PM,1458199844468,1458199844382,2016-03-17-3-30-44PM,network,1.3068395,103.7880349,31.329,-1.0,-1.0,-1.0
2016-03-17-3-31-04PM,1458199864439,1458199864330,2016-03-17-3-31-04PM,network,1.3069348,103.7877777,165.549,-1.0,-1.0,-1.0
2016-03-17-3-31-24PM,1458199884476,1458199884408,2016-03-17-3-31-24PM,network,1.3068946,103.7878271,159.791,-1.0,-1.0,-1.0
2016-03-17-3-31-44PM,1458199904466,1458199904406,2016-03-17-3-31-44PM,network,1.3068276,103.7878423,155.845,-1.0,-1.0,-1.0
2016-03-17-3-32-06PM,1458199926491,1458199926417,2016-03-17-3-32-06PM,network,1.3069304,103.7877641,166.49,-1.0,-1.0,-1.0
2016-03-17-3-32-26PM,1458199946499,1458199946429,2016-03-17-3-32-26PM,network,1.3069291,103.7877732,165.683,-1.0,-1.0,-1.0
2016-03-17-3-32-46PM,1458199966565,1458199966467,2016-03-17-3-32-46PM,network,1.3069209,103.7877707,165.551,-1.0,-1.0,-1.0
2016-03-17-3-33-06PM,1458199986514,1458199986446,2016-03-17-3-33-06PM,network,1.3069271,103.7877704,155.825,-1.0,-1.0,-1.0
2016-03-17-3-33-27PM,1458200007639,1458200007570,2016-03-17-3-33-27PM,network,1.3069575,103.7877539,168.468,-1.0,-1.0,-1.0
2016-03-17-3-33-47PM,1458200027671,1458200027611,2016-03-17-3-33-47PM,network,1.3069224,103.7877676,165.87,-1.0,-1.0,-1.0
2016-03-17-3-34-07PM,1458200047709,1458200047649,2016-03-17-3-34-07PM,network,1.306919,103.7877642,166.012,-1.0,-1.0,-1.0
2016-03-17-3-34-27PM,1458200067693,1458200067664,2016-03-17-3-34-27PM,network,1.3069205,103.7877813,164.656,-1.0,-1.0,-1.0
2016-03-17-3-34-47PM,1458200087746,1458200087672,2016-03-17-3-34-47PM,network,1.3069545,103.787749,168.745,-1.0,-1.0,-1.0
2016-03-17-3-35-07PM,1458200107747,1458200107684,2016-03-17-3-35-07PM,network,1.3069267,103.787781,164.938,-1.0,-1.0,-1.0
2016-03-17-3-35-28PM,1458200128809,1458200128702,2016-03-17-3-35-28PM,network,1.3064322,103.7881989,112.277,-1.0,-1.0,-1.0
2016-03-17-3-35-48PM,1458200148705,1458200148658,2016-03-17-3-35-48PM,network,1.3065908,103.7880603,128.872,-1.0,-1.0,-1.0
2016-03-17-3-36-11PM,1458200171228,1458200171158,2016-03-17-3-36-11PM,network,1.3069402,103.7877536,167.766,-1.0,-1.0,-1.0
2016-03-17-3-36-31PM,1458200191319,1458200191246,2016-03-17-3-36-31PM,network,1.3067751,103.7879124,147.929,-1.0,-1.0,-1.0
2016-03-17-3-36-51PM,1458200211329,1458200211274,2016-03-17-3-36-51PM,network,1.3064896,103.788215,112.314,-1.0,-1.0,-1.0
2016-03-17-3-37-12PM,1458200232367,1458200232288,2016-03-17-3-37-12PM,network,1.3069184,103.7877852,164.246,-1.0,-1.0,-1.0
2016-03-17-3-37-32PM,1458200252429,1458200252375,2016-03-17-3-37-32PM,network,1.306897,103.7877802,163.786,-1.0,-1.0,-1.0
2016-03-17-3-37-52PM,1458200272775,1458200272708,2016-03-17-3-37-52PM,network,1.3069316,103.7877736,165.754,-1.0,-1.0,-1.0
2016-03-17-3-38-12PM,1458200292791,1458200292727,2016-03-17-3-38-12PM,network,1.3069236,103.7877644,166.184,-1.0,-1.0,-1.0
2016-03-17-3-38-32PM,1458200312877,1458200312802,2016-03-17-3-38-32PM,network,1.3069332,103.7877659,166.457,-1.0,-1.0,-1.0
2016-03-17-3-38-52PM,1458200332917,1458200332857,2016-03-17-3-38-52PM,network,1.30692,103.7877884,164.047,-1.0,-1.0,-1.0
2016-03-17-3-39-13PM,1458200353021,1458200352950,2016-03-17-3-39-12PM,network,1.3069118,103.7877735,164.945,-1.0,-1.0,-1.0
2016-03-17-3-39-32PM,1458200372965,1458200372907,2016-03-17-3-39-32PM,network,1.3064932,103.7882053,113.271,-1.0,-1.0,-1.0
2016-03-17-3-39-52PM,1458200392974,1458200392906,2016-03-17-3-39-52PM,network,1.30693,103.7877854,164.712,-1.0,-1.0,-1.0
2016-03-17-3-40-14PM,1458200414044,1458200414001,2016-03-17-3-40-14PM,network,1.3069206,103.7877814,102.923,-1.0,-1.0,-1.0
2016-03-17-3-40-34PM,1458200434087,1458200433979,2016-03-17-3-40-33PM,network,1.3069237,103.7877676,165.923,-1.0,-1.0,-1.0
2016-03-17-3-40-54PM,1458200454081,1458200454026,2016-03-17-3-40-54PM,network,1.3069346,103.7877804,165.318,-1.0,-1.0,-1.0
2016-03-17-3-41-14PM,1458200474177,1458200474120,2016-03-17-3-41-14PM,network,1.3069236,103.7877853,164.453,-1.0,-1.0,-1.0
2016-03-17-3-41-34PM,1458200494176,1458200494114,2016-03-17-3-41-34PM,network,1.3069457,103.787768,166.807,-1.0,-1.0,-1.0
2016-03-17-3-41-55PM,1458200515688,1458200515615,2016-03-17-3-41-55PM,network,1.3069418,103.7877669,166.734,-1.0,-1.0,-1.0
2016-03-17-3-42-15PM,1458200535725,1458200535665,2016-03-17-3-42-15PM,network,1.3069152,103.7877758,164.893,-1.0,-1.0,-1.0
2016-03-17-3-42-35PM,1458200555820,1458200555746,2016-03-17-3-42-35PM,network,1.3069228,103.7877934,163.75,-1.0,-1.0,-1.0
2016-03-17-3-42-55PM,1458200575860,1458200575787,2016-03-17-3-42-55PM,network,1.3069334,103.7877606,166.904,-1.0,-1.0,-1.0
2016-03-17-3-43-16PM,1458200596853,1458200596783,2016-03-17-3-43-16PM,network,1.3069302,103.7877561,167.145,-1.0,-1.0,-1.0
2016-03-17-3-43-37PM,1458200617299,1458200616818,2016-03-17-3-43-36PM,network,1.3069369,103.7877735,165.984,-1.0,-1.0,-1.0
2016-03-17-3-43-56PM,1458200636896,1458200636840,2016-03-17-3-43-56PM,network,1.3068752,103.787834,158.424,-1.0,-1.0,-1.0
2016-03-17-3-44-17PM,1458200657266,1458200657196,2016-03-17-3-44-17PM,network,1.3069237,103.7877888,164.168,-1.0,-1.0,-1.0
2016-03-17-3-44-37PM,1458200677324,1458200677245,2016-03-17-3-44-37PM,network,1.3069827,103.78772,172.327,-1.0,-1.0,-1.0
2016-03-17-3-44-57PM,1458200697355,1458200697276,2016-03-17-3-44-57PM,network,1.3069185,103.7877672,165.742,-1.0,-1.0,-1.0
2016-03-17-3-45-17PM,1458200717334,1458200717271,2016-03-17-3-45-17PM,network,1.3069294,103.7877611,166.697,-1.0,-1.0,-1.0
2016-03-17-3-45-37PM,1458200737829,1458200737798,2016-03-17-3-45-37PM,network,1.3069504,103.78775,168.49,-1.0,-1.0,-1.0
2016-03-17-3-45-57PM,1458200757868,1458200757801,2016-03-17-3-45-57PM,network,1.3069463,103.7877831,165.589,-1.0,-1.0,-1.0
2016-03-17-3-46-17PM,1458200777917,1458200777845,2016-03-17-3-46-17PM,network,1.3066106,103.7880891,126.998,-1.0,-1.0,-1.0
2016-03-17-3-46-37PM,1458200797858,1458200797826,2016-03-17-3-46-37PM,network,1.3069368,103.7877486,168.039,-1.0,-1.0,-1.0
2016-03-17-3-46-57PM,1458200817918,1458200817865,2016-03-17-3-46-57PM,network,1.3069404,103.78774,168.9,-1.0,-1.0,-1.0
2016-03-17-3-47-18PM,1458200838085,1458200838005,2016-03-17-3-47-18PM,network,1.3069325,103.7877238,169.92,-1.0,-1.0,-1.0
2016-03-17-3-47-38PM,1458200858040,1458200857923,2016-03-17-3-47-37PM,network,1.3069496,103.787755,168.044,-1.0,-1.0,-1.0
2016-03-17-3-47-58PM,1458200878087,1458200878011,2016-03-17-3-47-58PM,network,1.3069082,103.7877671,165.331,-1.0,-1.0,-1.0
2016-03-17-3-48-18PM,1458200898158,1458200898077,2016-03-17-3-48-18PM,network,1.306945,103.7877516,168.131,-1.0,-1.0,-1.0
2016-03-17-3-48-38PM,1458200918286,1458200918226,2016-03-17-3-48-38PM,network,1.306965,103.7877151,171.983,-1.0,-1.0,-1.0
2016-03-17-3-48-58PM,1458200938369,1458200938295,2016-03-17-3-48-58PM,network,1.3069945,103.7877275,172.219,-1.0,-1.0,-1.0
2016-03-17-3-49-18PM,1458200958314,1458200958245,2016-03-17-3-49-18PM,network,1.306931,103.7877795,165.241,-1.0,-1.0,-1.0
2016-03-17-3-49-38PM,1458200978415,1458200978294,2016-03-17-3-49-38PM,network,1.3069432,103.787747,168.437,-1.0,-1.0,-1.0
2016-03-17-3-49-58PM,1458200998372,1458200998321,2016-03-17-3-49-58PM,network,1.3069094,103.7877771,164.548,-1.0,-1.0,-1.0
2016-03-17-3-50-18PM,1458201018373,1458201018309,2016-03-17-3-50-18PM,network,1.3068842,103.7878241,159.614,-1.0,-1.0,-1.0
2016-03-17-3-50-38PM,1458201038429,1458201038359,2016-03-17-3-50-38PM,network,1.3069101,103.7877671,165.408,-1.0,-1.0,-1.0
2016-03-17-3-50-58PM,1458201058443,1458201058379,2016-03-17-3-50-58PM,network,1.3069219,103.7877779,164.995,-1.0,-1.0,-1.0
2016-03-17-3-51-16PM,1458201076823,1458201076725,2016-03-17-3-51-16PM,network,1.3069251,103.787757,166.86,-1.0,-1.0,-1.0
2016-03-17-3-51-45PM,1458201105394,1458201105374,2016-03-17-3-51-45PM,network,1.3069136,103.7877911,163.559,-1.0,-1.0,-1.0
2016-03-17-3-52-05PM,1458201125575,1458201125449,2016-03-17-3-52-05PM,network,1.3069278,103.7877648,166.325,-1.0,-1.0,-1.0
2016-03-17-3-52-25PM,1458201145517,1458201145452,2016-03-17-3-52-25PM,network,1.3069374,103.7877487,168.055,-1.0,-1.0,-1.0
