2016-03-17-1-42-17PM,1458193337650,8.0,3
2016-03-17-1-42-17PM,1458193337653,8.0,3
2016-03-17-1-42-43PM,1458193363048,0.0,3
2016-03-17-1-42-44PM,1458193364077,8.0,3
2016-03-17-2-12-33PM,1458195153856,0.0,3
2016-03-17-2-12-33PM,1458195153935,8.0,3
2016-03-17-2-13-26PM,1458195206905,0.0,3
2016-03-17-2-13-32PM,1458195212996,8.0,3
2016-03-17-2-13-38PM,1458195218980,0.0,3
2016-03-17-2-13-39PM,1458195219994,8.0,3
2016-03-17-2-13-53PM,1458195233884,0.0,3
2016-03-17-2-13-54PM,1458195234305,8.0,3
2016-03-17-2-14-05PM,1458195245901,0.0,3
2016-03-17-2-14-06PM,1458195246032,8.0,3
2016-03-17-2-14-08PM,1458195248352,0.0,3
2016-03-17-2-14-08PM,1458195248512,8.0,3
2016-03-17-2-14-10PM,1458195250025,0.0,3
2016-03-17-2-14-10PM,1458195250093,8.0,3
2016-03-17-2-14-10PM,1458195250535,0.0,3
2016-03-17-2-14-10PM,1458195250759,8.0,3
2016-03-17-2-14-19PM,1458195259755,0.0,3
2016-03-17-2-14-19PM,1458195259818,8.0,3
2016-03-17-2-27-31PM,1458196051350,0.0,3
2016-03-17-2-27-31PM,1458196051527,8.0,3
2016-03-17-2-32-06PM,1458196326865,0.0,3
2016-03-17-2-33-41PM,1458196421098,8.0,3
2016-03-17-2-33-41PM,1458196421147,0.0,3
2016-03-17-2-33-41PM,1458196421545,8.0,3
2016-03-17-2-33-44PM,1458196424613,0.0,3
2016-03-17-2-33-44PM,1458196424694,8.0,3
2016-03-17-2-34-09PM,1458196449702,0.0,3
2016-03-17-2-34-10PM,1458196450035,8.0,3
2016-03-17-2-34-11PM,1458196451688,0.0,3
2016-03-17-2-34-11PM,1458196451767,8.0,3
2016-03-17-2-36-24PM,1458196584648,0.0,3
2016-03-17-2-38-22PM,1458196702567,8.0,3
2016-03-17-2-38-26PM,1458196706747,0.0,3
2016-03-17-2-38-26PM,1458196706877,8.0,3
2016-03-17-2-39-39PM,1458196779363,0.0,3
2016-03-17-2-39-39PM,1458196779401,8.0,3
2016-03-17-2-45-47PM,1458197147295,0.0,3
2016-03-17-2-45-47PM,1458197147468,8.0,3
2016-03-17-2-45-48PM,1458197148211,0.0,3
2016-03-17-2-45-48PM,1458197148335,8.0,3
2016-03-17-2-46-04PM,1458197164336,0.0,3
2016-03-17-2-46-04PM,1458197164508,8.0,3
2016-03-17-2-56-53PM,1458197813229,0.0,3
2016-03-17-2-56-53PM,1458197813419,8.0,3
2016-03-17-3-21-49PM,1458199309946,0.0,3
2016-03-17-3-21-50PM,1458199310080,8.0,3
2016-03-17-3-52-14PM,1458201134471,0.0,3
2016-03-17-3-52-14PM,1458201134585,8.0,3
