2016-03-30-9-53-22AM,1459302802051,1459302802003,2016-03-30-9-53-22AM,network,1.2951253,103.7740489,20.0,-1.0,-1.0,-1.0
2016-03-30-9-53-42AM,1459302822010,1459302821987,2016-03-30-9-53-41AM,network,1.295129,103.7740426,20.0,-1.0,-1.0,-1.0
2016-03-30-9-54-01AM,1459302841847,1459302841825,2016-03-30-9-54-01AM,network,1.295131,103.7740325,20.0,-1.0,-1.0,-1.0
2016-03-30-9-54-21AM,1459302861909,1459302861886,2016-03-30-9-54-21AM,network,1.295131,103.7740325,20.0,-1.0,-1.0,-1.0
2016-03-30-9-54-41AM,1459302881975,1459302881960,2016-03-30-9-54-41AM,network,1.295119,103.774007,20.0,-1.0,-1.0,-1.0
2016-03-30-9-58-04AM,1459303084488,1459303084467,2016-03-30-9-58-04AM,network,1.2952874,103.7743072,27.0,-1.0,-1.0,-1.0
2016-03-30-9-58-24AM,1459303104152,1459303104132,2016-03-30-9-58-24AM,network,1.2952874,103.7743072,27.0,-1.0,-1.0,-1.0
2016-03-30-9-58-44AM,1459303124125,1459303124103,2016-03-30-9-58-44AM,network,1.2952874,103.7743072,27.0,-1.0,-1.0,-1.0
2016-03-30-9-59-04AM,1459303144202,1459303144133,2016-03-30-9-59-04AM,network,1.2952683,103.774339,26.0,-1.0,-1.0,-1.0
2016-03-30-9-59-24AM,1459303164025,1459303163991,2016-03-30-9-59-23AM,network,1.2952683,103.774339,26.0,-1.0,-1.0,-1.0
2016-03-30-9-59-44AM,1459303184276,1459303184251,2016-03-30-9-59-44AM,network,1.2955681,103.773767,44.14,-1.0,-1.0,-1.0
2016-03-30-10-00-04AM,1459303204225,1459303204207,2016-03-30-10-00-04AM,network,1.2955482,103.7736466,38.479,-1.0,-1.0,-1.0
2016-03-30-10-00-19AM,1459303219092,1459303219000,2016-03-30-10-00-19AM,gps,1.29538855,103.77403525,32.0,18.899999618530273,-1.0,-1.0
2016-03-30-10-00-24AM,1459303224364,1459303224342,2016-03-30-10-00-24AM,network,1.2955168,103.7734962,52.559,-1.0,-1.0,-1.0
2016-03-30-10-00-36AM,1459303236790,1459303236106,2016-03-30-10-00-36AM,gps,1.29561923,103.77347895,7.0,70.5,330.9,0.75
2016-03-30-10-00-44AM,1459303244409,1459303244372,2016-03-30-10-00-44AM,network,1.2955371,103.7734705,53.172,-1.0,-1.0,-1.0
2016-03-30-10-01-04AM,1459303264459,1459303264444,2016-03-30-10-01-04AM,network,1.2955847,103.7734519,48.446,-1.0,-1.0,-1.0
2016-03-30-10-01-26AM,1459303286565,1459303285906,2016-03-30-10-01-25AM,gps,1.29609906,103.77334395,8.0,54.70000076293945,336.4,1.0
2016-03-30-10-01-36AM,1459303296584,1459303295866,2016-03-30-10-01-35AM,gps,1.29618038,103.77330203,9.0,52.400001525878906,354.7,0.75
2016-03-30-10-01-46AM,1459303306869,1459303306816,2016-03-30-10-01-46AM,network,1.2960071,103.7733075,26.282,-1.0,-1.0,-1.0
2016-03-30-10-02-07AM,1459303327113,1459303327000,2016-03-30-10-02-07AM,gps,1.29624568,103.77311842,12.0,42.20000076293945,219.0,1.5
2016-03-30-10-02-19AM,1459303339119,1459303339000,2016-03-30-10-02-19AM,gps,1.29612592,103.77317775,32.0,48.79999923706055,211.1,1.0
2016-03-30-10-02-27AM,1459303347920,1459303347849,2016-03-30-10-02-27AM,network,1.2961407,103.7732658,30.0,-1.0,-1.0,-1.0
2016-03-30-10-02-47AM,1459303367793,1459303367780,2016-03-30-10-02-47AM,network,1.2961449,103.773268,23.0,-1.0,-1.0,-1.0
2016-03-30-10-03-07AM,1459303387822,1459303387795,2016-03-30-10-03-07AM,network,1.2961187,103.7733313,20.0,-1.0,-1.0,-1.0
2016-03-30-10-03-28AM,1459303408561,1459303408510,2016-03-30-10-03-28AM,network,1.2960676,103.7731935,26.655,-1.0,-1.0,-1.0
2016-03-30-10-03-38AM,1459303418125,1459303418000,2016-03-30-10-03-38AM,gps,1.29607175,103.77312919,51.0,73.0,227.9,1.75
2016-03-30-10-03-48AM,1459303428608,1459303428565,2016-03-30-10-03-48AM,network,1.296011,103.7732205,21.0,-1.0,-1.0,-1.0
2016-03-30-10-04-08AM,1459303448556,1459303448514,2016-03-30-10-04-08AM,network,1.2959946,103.7732388,39.895,-1.0,-1.0,-1.0
2016-03-30-10-04-28AM,1459303468688,1459303468674,2016-03-30-10-04-28AM,network,1.2959844,103.7732465,38.716,-1.0,-1.0,-1.0
2016-03-30-10-04-48AM,1459303488663,1459303488628,2016-03-30-10-04-48AM,network,1.2958675,103.7731765,41.076,-1.0,-1.0,-1.0
2016-03-30-10-05-03AM,1459303503172,1459303503000,2016-03-30-10-05-03AM,gps,1.2957901,103.77327556,154.0,69.9000015258789,117.0,0.5
2016-03-30-10-05-08AM,1459303508585,1459303508548,2016-03-30-10-05-08AM,network,1.2956259,103.7732566,30.0,-1.0,-1.0,-1.0
2016-03-30-10-05-28AM,1459303528692,1459303528673,2016-03-30-10-05-28AM,network,1.2956413,103.7732945,30.813,-1.0,-1.0,-1.0
2016-03-30-10-05-35AM,1459303535126,1459303535000,2016-03-30-10-05-35AM,gps,1.29554543,103.77330929,67.0,61.79999923706055,244.7,1.0
2016-03-30-10-05-49AM,1459303549001,1459303548942,2016-03-30-10-05-48AM,network,1.2952957,103.7734271,63.269,-1.0,-1.0,-1.0
2016-03-30-10-06-08AM,1459303568852,1459303568804,2016-03-30-10-06-08AM,network,1.2952712,103.7734631,60.99,-1.0,-1.0,-1.0
2016-03-30-10-06-29AM,1459303589027,1459303589016,2016-03-30-10-06-29AM,network,1.2952667,103.7734675,61.517,-1.0,-1.0,-1.0
2016-03-30-10-06-49AM,1459303609086,1459303609044,2016-03-30-10-06-49AM,network,1.2952152,103.7734703,50.675,-1.0,-1.0,-1.0
2016-03-30-10-07-09AM,1459303629079,1459303629032,2016-03-30-10-07-09AM,network,1.2951923,103.7734869,48.423,-1.0,-1.0,-1.0
2016-03-30-10-07-29AM,1459303649971,1459303649919,2016-03-30-10-07-29AM,network,1.2952063,103.7734774,94.301,-1.0,-1.0,-1.0
2016-03-30-10-07-50AM,1459303670463,1459303670414,2016-03-30-10-07-50AM,network,1.2949586,103.7737731,59.554,-1.0,-1.0,-1.0
2016-03-30-10-08-10AM,1459303690107,1459303690093,2016-03-30-10-08-10AM,network,1.2949428,103.7737592,59.456,-1.0,-1.0,-1.0
2016-03-30-10-08-30AM,1459303710432,1459303710400,2016-03-30-10-08-30AM,network,1.294515,103.7741425,98.268,-1.0,-1.0,-1.0
2016-03-30-10-08-50AM,1459303730035,1459303730008,2016-03-30-10-08-50AM,network,1.2944881,103.7741842,20.0,-1.0,-1.0,-1.0
2016-03-30-10-09-10AM,1459303750503,1459303750416,2016-03-30-10-09-10AM,network,1.2944315,103.7742132,30.295,-1.0,-1.0,-1.0
2016-03-30-10-09-29AM,1459303769910,1459303769881,2016-03-30-10-09-29AM,network,1.2943398,103.7741499,31.065,-1.0,-1.0,-1.0
2016-03-30-10-09-50AM,1459303790159,1459303790125,2016-03-30-10-09-50AM,network,1.2940809,103.774417,33.011,-1.0,-1.0,-1.0
2016-03-30-10-10-10AM,1459303810114,1459303809960,2016-03-30-10-10-09AM,network,1.2940059,103.7744327,26.637,-1.0,-1.0,-1.0
2016-03-30-10-10-29AM,1459303829976,1459303829951,2016-03-30-10-10-29AM,network,1.293968,103.7744824,26.0,-1.0,-1.0,-1.0
2016-03-30-10-10-50AM,1459303850521,1459303850499,2016-03-30-10-10-50AM,network,1.2935765,103.774806,37.779,-1.0,-1.0,-1.0
2016-03-30-10-11-09AM,1459303869956,1459303869885,2016-03-30-10-11-09AM,network,1.2934291,103.7746465,40.19,-1.0,-1.0,-1.0
2016-03-30-10-11-15AM,1459303875205,1459303875000,2016-03-30-10-11-15AM,gps,1.29339451,103.77461481,50.0,26.5,136.2,0.25
2016-03-30-10-11-31AM,1459303891041,1459303891012,2016-03-30-10-11-31AM,network,1.2933222,103.7745494,20.678,-1.0,-1.0,-1.0
2016-03-30-10-11-51AM,1459303911070,1459303911039,2016-03-30-10-11-51AM,network,1.2939343,103.774262,65.863,-1.0,-1.0,-1.0
2016-03-30-10-12-11AM,1459303931024,1459303930964,2016-03-30-10-12-10AM,network,1.2940421,103.7741894,77.759,-1.0,-1.0,-1.0
2016-03-30-10-12-31AM,1459303951180,1459303951152,2016-03-30-10-12-31AM,network,1.2942909,103.7741367,37.352,-1.0,-1.0,-1.0
2016-03-30-10-12-51AM,1459303971058,1459303971035,2016-03-30-10-12-51AM,network,1.2942877,103.7741249,37.261,-1.0,-1.0,-1.0
2016-03-30-10-13-05AM,1459303985154,1459303985000,2016-03-30-10-13-05AM,gps,1.29441852,103.77414892,168.0,29.0,-1.0,-1.0
2016-03-30-10-13-11AM,1459303991133,1459303991100,2016-03-30-10-13-11AM,network,1.2943314,103.7740761,65.803,-1.0,-1.0,-1.0
2016-03-30-10-13-29AM,1459304009235,1459304009000,2016-03-30-10-13-29AM,gps,1.29445784,103.77423787,33.0,38.20000076293945,58.8,0.75
2016-03-30-10-13-41AM,1459304021215,1459304021000,2016-03-30-10-13-41AM,gps,1.29455259,103.77418091,13.0,38.79999923706055,58.8,0.5
2016-03-30-10-13-51AM,1459304031272,1459304031232,2016-03-30-10-13-51AM,network,1.2944882,103.7741409,100.226,-1.0,-1.0,-1.0
2016-03-30-10-14-11AM,1459304051429,1459304051382,2016-03-30-10-14-11AM,network,1.2945217,103.7741271,96.944,-1.0,-1.0,-1.0
2016-03-30-10-14-31AM,1459304071452,1459304071425,2016-03-30-10-14-31AM,network,1.2948307,103.7738724,60.086,-1.0,-1.0,-1.0
2016-03-30-10-14-51AM,1459304091380,1459304091356,2016-03-30-10-14-51AM,network,1.2948031,103.7738465,61.104,-1.0,-1.0,-1.0
2016-03-30-10-15-11AM,1459304111252,1459304111214,2016-03-30-10-15-11AM,network,1.2948808,103.7737681,59.407,-1.0,-1.0,-1.0
2016-03-30-10-15-20AM,1459304120221,1459304120000,2016-03-30-10-15-20AM,gps,1.2948637,103.77374855,54.0,40.5,78.7,0.5
2016-03-30-10-15-31AM,1459304131162,1459304131134,2016-03-30-10-15-31AM,network,1.2947603,103.7737341,59.051,-1.0,-1.0,-1.0
2016-03-30-10-15-43AM,1459304143170,1459304143000,2016-03-30-10-15-43AM,gps,1.29464774,103.77382683,16.0,41.79999923706055,179.9,1.25
2016-03-30-10-15-51AM,1459304151192,1459304151125,2016-03-30-10-15-51AM,network,1.2945535,103.7737124,73.538,-1.0,-1.0,-1.0
2016-03-30-10-16-01AM,1459304161802,1459304161066,2016-03-30-10-16-01AM,gps,1.29453525,103.77389707,6.0,41.0,110.8,1.0
2016-03-30-10-16-11AM,1459304171183,1459304171157,2016-03-30-10-16-11AM,network,1.2945275,103.7737348,72.652,-1.0,-1.0,-1.0
2016-03-30-10-16-21AM,1459304181777,1459304181006,2016-03-30-10-16-21AM,gps,1.29434116,103.77378728,5.0,49.20000076293945,214.7,1.0
2016-03-30-10-16-31AM,1459304191247,1459304191230,2016-03-30-10-16-31AM,network,1.2945017,103.7737228,70.053,-1.0,-1.0,-1.0
2016-03-30-10-16-42AM,1459304202169,1459304202000,2016-03-30-10-16-42AM,gps,1.29432865,103.77373892,12.0,45.20000076293945,-1.0,0.0
2016-03-30-10-16-51AM,1459304211105,1459304211085,2016-03-30-10-16-51AM,network,1.294487,103.7737458,70.188,-1.0,-1.0,-1.0
2016-03-30-10-17-02AM,1459304222181,1459304222000,2016-03-30-10-17-02AM,gps,1.29433129,103.77372612,13.0,46.599998474121094,-1.0,0.0
2016-03-30-10-17-11AM,1459304231163,1459304231058,2016-03-30-10-17-11AM,network,1.2944718,103.7737509,69.351,-1.0,-1.0,-1.0
2016-03-30-10-17-24AM,1459304244240,1459304244000,2016-03-30-10-17-24AM,gps,1.29433079,103.77372205,30.0,46.79999923706055,-1.0,0.0
2016-03-30-10-17-31AM,1459304251054,1459304251026,2016-03-30-10-17-31AM,network,1.2944977,103.7737311,30.82,-1.0,-1.0,-1.0
2016-03-30-10-17-41AM,1459304261795,1459304261006,2016-03-30-10-17-41AM,gps,1.2943389,103.77371559,8.0,48.099998474121094,-1.0,0.0
2016-03-30-10-17-51AM,1459304271239,1459304271198,2016-03-30-10-17-51AM,network,1.294482,103.7737372,32.19,-1.0,-1.0,-1.0
2016-03-30-10-18-03AM,1459304283178,1459304283000,2016-03-30-10-18-03AM,gps,1.29434581,103.77371193,18.0,48.599998474121094,-1.0,0.0
2016-03-30-10-18-11AM,1459304291273,1459304291194,2016-03-30-10-18-11AM,network,1.2944752,103.7737276,31.948,-1.0,-1.0,-1.0
2016-03-30-10-18-24AM,1459304304212,1459304304000,2016-03-30-10-18-24AM,gps,1.29435417,103.77371135,22.0,48.599998474121094,-1.0,0.0
2016-03-30-10-18-31AM,1459304311197,1459304311169,2016-03-30-10-18-31AM,network,1.2944832,103.7737342,31.908,-1.0,-1.0,-1.0
2016-03-30-10-18-42AM,1459304322195,1459304322000,2016-03-30-10-18-42AM,gps,1.2943581,103.77371004,10.0,49.400001525878906,-1.0,0.0
2016-03-30-10-18-51AM,1459304331309,1459304331213,2016-03-30-10-18-51AM,network,1.294495,103.7737238,30.465,-1.0,-1.0,-1.0
2016-03-30-10-19-02AM,1459304342187,1459304342000,2016-03-30-10-19-02AM,gps,1.29436299,103.77370772,14.0,50.099998474121094,-1.0,0.0
2016-03-30-10-19-11AM,1459304351249,1459304351199,2016-03-30-10-19-11AM,network,1.2944892,103.7737261,30.977,-1.0,-1.0,-1.0
2016-03-30-10-19-31AM,1459304371811,1459304371066,2016-03-30-10-19-31AM,gps,1.29436681,103.7737038,7.0,50.599998474121094,-1.0,0.0
2016-03-30-10-19-41AM,1459304381853,1459304381126,2016-03-30-10-19-41AM,gps,1.2943698,103.7737014,7.0,51.400001525878906,-1.0,0.0
2016-03-30-10-19-51AM,1459304391785,1459304391066,2016-03-30-10-19-51AM,gps,1.29436996,103.77370147,6.0,51.5,-1.0,0.0
2016-03-30-10-20-01AM,1459304401808,1459304401086,2016-03-30-10-20-01AM,gps,1.29437194,103.77370178,9.0,51.900001525878906,-1.0,0.0
2016-03-30-10-20-11AM,1459304411822,1459304411086,2016-03-30-10-20-11AM,gps,1.29437146,103.77370205,5.0,52.0,-1.0,0.0
2016-03-30-10-20-23AM,1459304423228,1459304423000,2016-03-30-10-20-23AM,gps,1.29437314,103.77370276,21.0,52.29999923706055,-1.0,0.0
2016-03-30-10-20-32AM,1459304432349,1459304432290,2016-03-30-10-20-32AM,network,1.2944875,103.7737304,42.109,-1.0,-1.0,-1.0
2016-03-30-10-20-42AM,1459304442212,1459304442000,2016-03-30-10-20-42AM,gps,1.2943741,103.77370128,11.0,52.400001525878906,-1.0,0.0
2016-03-30-10-20-52AM,1459304452189,1459304452000,2016-03-30-10-20-52AM,gps,1.29437437,103.77370094,10.0,52.400001525878906,-1.0,0.0
2016-03-30-10-21-02AM,1459304462220,1459304462000,2016-03-30-10-21-02AM,gps,1.29437564,103.77370131,11.0,52.70000076293945,-1.0,0.0
2016-03-30-10-21-12AM,1459304472230,1459304472000,2016-03-30-10-21-12AM,gps,1.29437554,103.77370145,12.0,52.70000076293945,-1.0,0.0
2016-03-30-10-21-23AM,1459304483260,1459304483000,2016-03-30-10-21-23AM,gps,1.29437639,103.77370263,12.0,52.900001525878906,-1.0,0.0
2016-03-30-10-21-32AM,1459304492493,1459304492346,2016-03-30-10-21-32AM,network,1.2944929,103.7737807,43.407,-1.0,-1.0,-1.0
2016-03-30-10-21-42AM,1459304502191,1459304502000,2016-03-30-10-21-42AM,gps,1.29437742,103.77370338,13.0,53.20000076293945,-1.0,0.0
2016-03-30-10-21-52AM,1459304512192,1459304512000,2016-03-30-10-21-52AM,gps,1.29437741,103.77370339,13.0,53.20000076293945,-1.0,0.0
2016-03-30-10-22-02AM,1459304522192,1459304522000,2016-03-30-10-22-02AM,gps,1.29437832,103.77370429,12.0,53.400001525878906,-1.0,0.0
2016-03-30-10-22-12AM,1459304532213,1459304532000,2016-03-30-10-22-12AM,gps,1.29437832,103.7737043,12.0,53.400001525878906,-1.0,0.0
2016-03-30-10-22-22AM,1459304542204,1459304542000,2016-03-30-10-22-22AM,gps,1.2943789,103.7737055,13.0,53.599998474121094,-1.0,0.0
2016-03-30-10-22-32AM,1459304552247,1459304552000,2016-03-30-10-22-32AM,gps,1.2943789,103.77370549,14.0,53.599998474121094,-1.0,0.0
2016-03-30-10-22-44AM,1459304564277,1459304564000,2016-03-30-10-22-44AM,gps,1.29437957,103.77370622,27.0,53.70000076293945,-1.0,0.0
2016-03-30-10-22-52AM,1459304572358,1459304572302,2016-03-30-10-22-52AM,network,1.2944762,103.7737972,41.825,-1.0,-1.0,-1.0
2016-03-30-10-23-03AM,1459304583216,1459304583000,2016-03-30-10-23-03AM,gps,1.29438028,103.77370744,20.0,53.900001525878906,-1.0,0.0
2016-03-30-10-23-12AM,1459304592577,1459304592520,2016-03-30-10-23-12AM,network,1.2944763,103.7737996,41.603,-1.0,-1.0,-1.0
2016-03-30-10-23-31AM,1459304611862,1459304611066,2016-03-30-10-23-31AM,gps,1.29438108,103.77370871,8.0,54.20000076293945,-1.0,0.0
2016-03-30-10-23-43AM,1459304623245,1459304623000,2016-03-30-10-23-43AM,gps,1.29438169,103.77371008,15.0,54.29999923706055,-1.0,0.0
2016-03-30-10-23-53AM,1459304633550,1459304633522,2016-03-30-10-23-53AM,network,1.2944904,103.7737841,43.08,-1.0,-1.0,-1.0
2016-03-30-10-24-03AM,1459304643241,1459304643000,2016-03-30-10-24-03AM,gps,1.29438173,103.77370932,16.0,55.400001525878906,-1.0,0.0
2016-03-30-10-24-13AM,1459304653257,1459304653000,2016-03-30-10-24-13AM,gps,1.29438174,103.77370926,15.0,55.400001525878906,-1.0,0.0
2016-03-30-10-24-32AM,1459304672207,1459304672000,2016-03-30-10-24-32AM,gps,1.29438235,103.77371037,13.0,55.599998474121094,-1.0,0.0
2016-03-30-10-24-52AM,1459304692214,1459304692000,2016-03-30-10-24-52AM,gps,1.29438303,103.77371145,12.0,55.79999923706055,-1.0,0.0
2016-03-30-10-25-02AM,1459304702222,1459304702000,2016-03-30-10-25-02AM,gps,1.2943825899999999,103.77370961,9.0,55.599998474121094,-1.0,0.0
2016-03-30-10-25-13AM,1459304713781,1459304713764,2016-03-30-10-25-13AM,network,1.2944627,103.7737937,42.145,-1.0,-1.0,-1.0
2016-03-30-10-25-32AM,1459304732236,1459304732000,2016-03-30-10-25-32AM,gps,1.29438365,103.77371058,11.0,55.5,-1.0,0.0
2016-03-30-10-25-52AM,1459304752219,1459304752000,2016-03-30-10-25-52AM,gps,1.29438456,103.77371093,10.0,55.900001525878906,-1.0,0.0
2016-03-30-10-26-02AM,1459304762219,1459304762000,2016-03-30-10-26-02AM,gps,1.29438726,103.77371636,9.0,56.099998474121094,-1.0,0.0
2016-03-30-10-26-13AM,1459304773237,1459304773000,2016-03-30-10-26-13AM,gps,1.2943895,103.7737209,16.0,57.099998474121094,-1.0,0.0
2016-03-30-10-26-25AM,1459304785259,1459304785000,2016-03-30-10-26-25AM,gps,1.29438988,103.77372093,37.0,57.099998474121094,-1.0,0.0
2016-03-30-10-26-34AM,1459304794399,1459304794367,2016-03-30-10-26-34AM,network,1.2944917,103.7737646,71.585,-1.0,-1.0,-1.0
2016-03-30-10-26-43AM,1459304803245,1459304803000,2016-03-30-10-26-43AM,gps,1.29439043,103.7737204,17.0,57.099998474121094,-1.0,0.0
2016-03-30-10-26-54AM,1459304814347,1459304814307,2016-03-30-10-26-54AM,network,1.2944907,103.773782,43.276,-1.0,-1.0,-1.0
2016-03-30-10-27-03AM,1459304823225,1459304823000,2016-03-30-10-27-03AM,gps,1.29439117,103.77372047,21.0,57.29999923706055,-1.0,0.0
2016-03-30-10-27-13AM,1459304833283,1459304833000,2016-03-30-10-27-13AM,gps,1.29439115,103.77372049,17.0,57.29999923706055,-1.0,0.0
2016-03-30-10-27-32AM,1459304852261,1459304852000,2016-03-30-10-27-32AM,gps,1.29439192,103.7737205,11.0,57.400001525878906,-1.0,0.0
2016-03-30-10-27-52AM,1459304872244,1459304872000,2016-03-30-10-27-52AM,gps,1.29439293,103.77372024,10.0,57.5,-1.0,0.0
2016-03-30-10-27-57AM,1459304877399,1459304877369,2016-03-30-10-27-57AM,network,1.2945078,103.773753,109.143,-1.0,-1.0,-1.0
2016-03-30-10-28-17AM,1459304897400,1459304897369,2016-03-30-10-28-17AM,network,1.2945028,103.7737605,109.781,-1.0,-1.0,-1.0
2016-03-30-10-28-32AM,1459304912235,1459304912000,2016-03-30-10-28-32AM,gps,1.29438982,103.77371528,13.0,56.5,-1.0,0.0
2016-03-30-10-28-37AM,1459304917595,1459304917575,2016-03-30-10-28-37AM,network,1.2944923,103.7738187,115.041,-1.0,-1.0,-1.0
2016-03-30-10-28-53AM,1459304933226,1459304933000,2016-03-30-10-28-53AM,gps,1.29439169,103.77371453,20.0,56.79999923706055,-1.0,0.0
2016-03-30-10-29-03AM,1459304943251,1459304943000,2016-03-30-10-29-03AM,gps,1.29439236,103.7737166,14.0,57.0,-1.0,0.0
2016-03-30-10-29-17AM,1459304957559,1459304957545,2016-03-30-10-29-17AM,network,1.2945031,103.7738219,115.436,-1.0,-1.0,-1.0
2016-03-30-10-29-23AM,1459304963226,1459304963000,2016-03-30-10-29-23AM,gps,1.29439257,103.77371706,13.0,56.900001525878906,-1.0,0.0
2016-03-30-10-29-37AM,1459304977469,1459304977444,2016-03-30-10-29-37AM,network,1.294483,103.773836,116.558,-1.0,-1.0,-1.0
2016-03-30-10-29-52AM,1459304992002,1459304991126,2016-03-30-10-29-51AM,gps,1.29439113,103.77371489,8.0,55.79999923706055,-1.0,0.0
2016-03-30-10-29-57AM,1459304997512,1459304997489,2016-03-30-10-29-57AM,network,1.2944946,103.7737448,108.255,-1.0,-1.0,-1.0
2016-03-30-10-30-11AM,1459305011922,1459305011066,2016-03-30-10-30-11AM,gps,1.29426387,103.77355783,6.0,48.70000076293945,243.0,3.5
2016-03-30-10-30-17AM,1459305017450,1459305017436,2016-03-30-10-30-17AM,network,1.2945084,103.7737733,44.189,-1.0,-1.0,-1.0
2016-03-30-10-30-37AM,1459305037320,1459305037305,2016-03-30-10-30-37AM,network,1.2945228,103.7736941,48.215,-1.0,-1.0,-1.0
2016-03-30-10-30-52AM,1459305052246,1459305052000,2016-03-30-10-30-52AM,gps,1.29391872,103.77228011,6.0,41.20000076293945,222.7,3.25
2016-03-30-10-30-58AM,1459305058305,1459305058274,2016-03-30-10-30-58AM,network,1.2945242,103.7736743,25.244,-1.0,-1.0,-1.0
2016-03-30-10-31-12AM,1459305072011,1459305071186,2016-03-30-10-31-11AM,gps,1.29346388,103.77171001,4.0,35.099998474121094,276.0,4.5
2016-03-30-10-31-18AM,1459305078506,1459305078452,2016-03-30-10-31-18AM,network,1.2945948,103.7735753,22.0,-1.0,-1.0,-1.0
2016-03-30-10-31-31AM,1459305091974,1459305091086,2016-03-30-10-31-31AM,gps,1.29510396,103.77044055,6.0,33.70000076293945,341.8,11.5
2016-03-30-10-31-38AM,1459305098896,1459305098824,2016-03-30-10-31-38AM,network,1.2939573,103.771432,112.656,-1.0,-1.0,-1.0
2016-03-30-10-31-52AM,1459305112349,1459305112000,2016-03-30-10-31-52AM,gps,1.29563302,103.77078985,9.0,34.099998474121094,19.8,0.25
2016-03-30-10-31-58AM,1459305118359,1459305118329,2016-03-30-10-31-58AM,network,1.2937955,103.7714043,69.121,-1.0,-1.0,-1.0
2016-03-30-10-32-12AM,1459305132306,1459305132000,2016-03-30-10-32-12AM,gps,1.2962771,103.77122221,8.0,38.0,90.0,6.75
2016-03-30-10-32-18AM,1459305138344,1459305138330,2016-03-30-10-32-18AM,network,1.2938146,103.7712833,60.144,-1.0,-1.0,-1.0
2016-03-30-10-32-32AM,1459305152246,1459305152000,2016-03-30-10-32-32AM,gps,1.29662983,103.77231827,8.0,46.099998474121094,50.7,3.75
2016-03-30-10-32-38AM,1459305158880,1459305158857,2016-03-30-10-32-38AM,network,1.2966891,103.771862,96.581,-1.0,-1.0,-1.0
2016-03-30-10-32-51AM,1459305171896,1459305171046,2016-03-30-10-32-51AM,gps,1.29676324,103.77240947,5.0,50.599998474121094,25.9,1.0
2016-03-30-10-32-58AM,1459305178380,1459305178355,2016-03-30-10-32-58AM,network,1.2966891,103.771862,96.581,-1.0,-1.0,-1.0
2016-03-30-10-33-12AM,1459305192249,1459305192000,2016-03-30-10-33-12AM,gps,1.29711609,103.77268742,9.0,56.900001525878906,54.3,0.75
2016-03-30-10-33-18AM,1459305198492,1459305198480,2016-03-30-10-33-18AM,network,1.2966891,103.771862,96.581,-1.0,-1.0,-1.0
2016-03-30-10-33-32AM,1459305212273,1459305212000,2016-03-30-10-33-32AM,gps,1.29805156,103.77340473,8.0,53.900001525878906,58.9,11.0
2016-03-30-10-33-38AM,1459305218817,1459305218803,2016-03-30-10-33-38AM,network,1.2971205,103.7727445,39.381,-1.0,-1.0,-1.0
2016-03-30-10-33-59AM,1459305239390,1459305239378,2016-03-30-10-33-59AM,network,1.2969791,103.7725494,37.698,-1.0,-1.0,-1.0
2016-03-30-10-34-19AM,1459305259478,1459305259460,2016-03-30-10-34-19AM,network,1.2969531,103.7725098,41.972,-1.0,-1.0,-1.0
2016-03-30-10-34-32AM,1459305272266,1459305272000,2016-03-30-10-34-32AM,gps,1.30113465,103.77318345,12.0,31.600000381469727,15.1,2.5
2016-03-30-10-34-40AM,1459305280020,1459305279989,2016-03-30-10-34-39AM,network,1.3000241,103.7735141,140.113,-1.0,-1.0,-1.0
2016-03-30-10-34-53AM,1459305293294,1459305293000,2016-03-30-10-34-53AM,gps,1.30108607,103.77366312,14.0,37.79999923706055,117.7,0.25
2016-03-30-10-34-59AM,1459305299486,1459305299476,2016-03-30-10-34-59AM,network,1.3008833,103.7734038,109.016,-1.0,-1.0,-1.0
2016-03-30-10-35-11AM,1459305311714,1459305310886,2016-03-30-10-35-10AM,gps,1.30083959,103.77422756,7.0,31.5,92.9,7.5
2016-03-30-10-35-19AM,1459305319474,1459305319461,2016-03-30-10-35-19AM,network,1.3009221,103.7733958,58.192,-1.0,-1.0,-1.0
2016-03-30-10-35-32AM,1459305332001,1459305331106,2016-03-30-10-35-31AM,gps,1.30263596,103.77389734,9.0,32.0,334.7,14.0
2016-03-30-10-35-39AM,1459305339504,1459305339442,2016-03-30-10-35-39AM,network,1.3009774,103.7734034,53.037,-1.0,-1.0,-1.0
2016-03-30-10-35-52AM,1459305352268,1459305352000,2016-03-30-10-35-52AM,gps,1.3035243,103.77429268,10.0,12.300000190734863,54.6,5.5
2016-03-30-10-36-00AM,1459305360771,1459305360721,2016-03-30-10-36-00AM,network,1.3008934,103.7733848,36.0,-1.0,-1.0,-1.0
2016-03-30-10-36-12AM,1459305372285,1459305372000,2016-03-30-10-36-12AM,gps,1.30358304,103.7742582,10.0,25.100000381469727,246.8,1.25
2016-03-30-10-36-21AM,1459305381360,1459305381330,2016-03-30-10-36-21AM,network,1.3032289,103.7744068,30.0,-1.0,-1.0,-1.0
2016-03-30-10-36-32AM,1459305392304,1459305392000,2016-03-30-10-36-32AM,gps,1.30354594,103.77416992,8.0,30.700000762939453,267.9,0.25
2016-03-30-10-36-40AM,1459305400521,1459305400494,2016-03-30-10-36-40AM,network,1.3032309,103.7744141,30.0,-1.0,-1.0,-1.0
2016-03-30-10-36-52AM,1459305412264,1459305412000,2016-03-30-10-36-52AM,gps,1.30368828,103.77410857,10.0,37.70000076293945,101.6,0.75
2016-03-30-10-37-00AM,1459305420596,1459305420572,2016-03-30-10-37-00AM,network,1.3032309,103.7744141,30.0,-1.0,-1.0,-1.0
2016-03-30-10-37-20AM,1459305440571,1459305440553,2016-03-30-10-37-20AM,network,1.3032309,103.7744141,30.0,-1.0,-1.0,-1.0
2016-03-30-10-37-32AM,1459305452270,1459305452000,2016-03-30-10-37-32AM,gps,1.30395002,103.77388613,12.0,57.099998474121094,324.4,1.5
2016-03-30-10-37-41AM,1459305461055,1459305461032,2016-03-30-10-37-41AM,network,1.3042855,103.7738882,27.279,-1.0,-1.0,-1.0
2016-03-30-10-38-00AM,1459305480707,1459305480679,2016-03-30-10-38-00AM,network,1.3042769,103.7738856,27.979,-1.0,-1.0,-1.0
2016-03-30-10-38-13AM,1459305493278,1459305493000,2016-03-30-10-38-13AM,gps,1.30436492,103.77379602,16.0,40.0,-1.0,0.0
2016-03-30-10-38-20AM,1459305500889,1459305500865,2016-03-30-10-38-20AM,network,1.3042828,103.7738876,27.504,-1.0,-1.0,-1.0
2016-03-30-10-38-33AM,1459305513276,1459305513000,2016-03-30-10-38-33AM,gps,1.30436117,103.773791,14.0,38.900001525878906,-1.0,0.0
2016-03-30-10-38-40AM,1459305520802,1459305520782,2016-03-30-10-38-40AM,network,1.3042828,103.7738876,27.504,-1.0,-1.0,-1.0
2016-03-30-10-39-01AM,1459305541226,1459305541197,2016-03-30-10-39-01AM,network,1.304517,103.7736728,60.429,-1.0,-1.0,-1.0
2016-03-30-10-39-10AM,1459305550851,1459305550000,2016-03-30-10-39-10AM,gps,1.30437161,103.77378884,50.0,40.70000076293945,-1.0,0.0
2016-03-30-10-39-20AM,1459305560875,1459305560860,2016-03-30-10-39-20AM,network,1.3045285,103.7736815,59.762,-1.0,-1.0,-1.0
2016-03-30-10-39-40AM,1459305580907,1459305580860,2016-03-30-10-39-40AM,network,1.3046487,103.7735994,46.594,-1.0,-1.0,-1.0
2016-03-30-10-39-53AM,1459305593327,1459305593000,2016-03-30-10-39-53AM,gps,1.3052878,103.77343758,17.0,34.29999923706055,305.0,1.25
2016-03-30-10-40-01AM,1459305601237,1459305601188,2016-03-30-10-40-01AM,network,1.305101,103.7735233,58.889,-1.0,-1.0,-1.0
2016-03-30-10-40-11AM,1459305611785,1459305610986,2016-03-30-10-40-10AM,gps,1.30552444,103.77340208,4.0,27.399999618530273,3.0,0.75
2016-03-30-10-40-21AM,1459305621955,1459305621126,2016-03-30-10-40-21AM,gps,1.30559402,103.77334608,6.0,18.600000381469727,39.6,1.0
2016-03-30-10-40-33AM,1459305633781,1459305633000,2016-03-30-10-40-33AM,gps,1.30553294,103.77342737,23.0,19.899999618530273,98.5,0.75
2016-03-30-10-40-41AM,1459305641994,1459305641965,2016-03-30-10-40-41AM,network,1.3051503,103.7733489,24.757,-1.0,-1.0,-1.0
2016-03-30-10-41-02AM,1459305662075,1459305662057,2016-03-30-10-41-02AM,network,1.3050684,103.7733228,32.399,-1.0,-1.0,-1.0
2016-03-30-10-41-19AM,1459305679308,1459305679000,2016-03-30-10-41-19AM,gps,1.30534646,103.77320879,43.0,16.399999618530273,350.9,1.0
2016-03-30-10-41-37AM,1459305697324,1459305697000,2016-03-30-10-41-37AM,gps,1.30532384,103.7730894,21.0,5.900000095367432,344.7,1.0
2016-03-30-10-42-02AM,1459305722145,1459305722134,2016-03-30-10-42-02AM,network,1.3053725,103.7727595,68.19,-1.0,-1.0,-1.0
2016-03-30-10-42-15AM,1459305735297,1459305735000,2016-03-30-10-42-15AM,gps,1.30544428,103.77287351,80.0,1.2000000476837158,318.0,1.0
2016-03-30-10-42-21AM,1459305741965,1459305741951,2016-03-30-10-42-21AM,network,1.3053766,103.7727685,65.286,-1.0,-1.0,-1.0
2016-03-30-10-42-29AM,1459305749308,1459305749000,2016-03-30-10-42-29AM,gps,1.30572352,103.77272841999999,27.0,8.800000190734863,82.2,0.5
2016-03-30-10-42-42AM,1459305762043,1459305762022,2016-03-30-10-42-42AM,network,1.3053849,103.7727562,66.639,-1.0,-1.0,-1.0
2016-03-30-10-43-02AM,1459305782528,1459305782476,2016-03-30-10-43-02AM,network,1.3059154,103.7727662,100.853,-1.0,-1.0,-1.0
2016-03-30-10-43-13AM,1459305793813,1459305793000,2016-03-30-10-43-13AM,gps,1.30603152,103.77267301,62.0,17.700000762939453,15.8,1.0
2016-03-30-10-43-22AM,1459305802151,1459305802132,2016-03-30-10-43-22AM,network,1.3059533,103.7727361,104.271,-1.0,-1.0,-1.0
2016-03-30-10-43-27AM,1459305807302,1459305807000,2016-03-30-10-43-27AM,gps,1.30601606,103.77270852,28.0,21.200000762939453,47.4,0.75
2016-03-30-10-43-42AM,1459305822147,1459305822116,2016-03-30-10-43-42AM,network,1.3060216,103.772725,110.582,-1.0,-1.0,-1.0
2016-03-30-10-43-54AM,1459305834855,1459305833906,2016-03-30-10-43-53AM,gps,1.30597372,103.77287867,9.0,19.899999618530273,-1.0,0.0
2016-03-30-10-44-02AM,1459305842043,1459305841990,2016-03-30-10-44-01AM,network,1.305956,103.7727093,59.84,-1.0,-1.0,-1.0
2016-03-30-10-44-23AM,1459305863139,1459305863097,2016-03-30-10-44-23AM,network,1.3058481,103.7727568,49.54,-1.0,-1.0,-1.0
2016-03-30-10-44-38AM,1459305878312,1459305878000,2016-03-30-10-44-38AM,gps,1.30568016,103.77295105,11.0,27.399999618530273,168.5,0.75
2016-03-30-10-45-03AM,1459305903234,1459305903217,2016-03-30-10-45-03AM,network,1.3056109,103.7726463,90.354,-1.0,-1.0,-1.0
2016-03-30-10-45-15AM,1459305915338,1459305915000,2016-03-30-10-45-15AM,gps,1.30552132,103.77302506,48.0,23.100000381469727,131.5,1.0
2016-03-30-10-45-23AM,1459305923155,1459305923126,2016-03-30-10-45-23AM,network,1.3056122,103.7726897,87.058,-1.0,-1.0,-1.0
2016-03-30-10-45-30AM,1459305930309,1459305930000,2016-03-30-10-45-30AM,gps,1.30537666,103.77272525,45.0,23.200000762939453,285.2,1.5
2016-03-30-10-45-40AM,1459305940359,1459305940000,2016-03-30-10-45-40AM,gps,1.30519373,103.77254591,35.0,34.79999923706055,284.1,0.75
2016-03-30-10-45-58AM,1459305958352,1459305958000,2016-03-30-10-45-58AM,gps,1.30535499,103.77245002,21.0,39.599998474121094,226.9,0.75
2016-03-30-10-46-23AM,1459305983280,1459305983253,2016-03-30-10-46-23AM,network,1.3056059,103.7726642,31.427,-1.0,-1.0,-1.0
2016-03-30-10-46-43AM,1459306003314,1459306003280,2016-03-30-10-46-43AM,network,1.3055674,103.7725981,29.358,-1.0,-1.0,-1.0
2016-03-30-10-47-03AM,1459306023806,1459306023748,2016-03-30-10-47-03AM,network,1.30532,103.7723192,86.166,-1.0,-1.0,-1.0
2016-03-30-10-47-23AM,1459306043379,1459306043367,2016-03-30-10-47-23AM,network,1.3053107,103.7726318,55.516,-1.0,-1.0,-1.0
2016-03-30-10-47-43AM,1459306063332,1459306063298,2016-03-30-10-47-43AM,network,1.3052906,103.7726255,54.642,-1.0,-1.0,-1.0
2016-03-30-10-48-04AM,1459306084097,1459306083905,2016-03-30-10-48-03AM,network,1.3052211,103.7724769,67.272,-1.0,-1.0,-1.0
2016-03-30-10-48-24AM,1459306104425,1459306104412,2016-03-30-10-48-24AM,network,1.3052456,103.7725807,57.642,-1.0,-1.0,-1.0
2016-03-30-10-48-44AM,1459306124470,1459306124454,2016-03-30-10-48-44AM,network,1.3054456,103.7728938,70.821,-1.0,-1.0,-1.0
2016-03-30-10-49-04AM,1459306144516,1459306144453,2016-03-30-10-49-04AM,network,1.3054516,103.7729498,75.589,-1.0,-1.0,-1.0
2016-03-30-10-49-24AM,1459306164462,1459306164407,2016-03-30-10-49-24AM,network,1.3054553,103.7730931,54.72,-1.0,-1.0,-1.0
2016-03-30-10-49-38AM,1459306178395,1459306178000,2016-03-30-10-49-38AM,gps,1.30535233,103.77249846,113.0,41.400001525878906,-1.0,0.0
2016-03-30-10-49-44AM,1459306184451,1459306184360,2016-03-30-10-49-44AM,network,1.3051608,103.7730234,44.588,-1.0,-1.0,-1.0
2016-03-30-10-49-50AM,1459306190363,1459306190000,2016-03-30-10-49-50AM,gps,1.30495549,103.772655,26.0,32.20000076293945,123.0,1.0
2016-03-30-10-50-00AM,1459306200897,1459306200000,2016-03-30-10-50-00AM,gps,1.30465537,103.77297661,28.0,61.099998474121094,136.9,1.0
2016-03-30-10-50-11AM,1459306211908,1459306211000,2016-03-30-10-50-11AM,gps,1.30443128,103.77335174,18.0,53.0,105.8,1.0
2016-03-30-10-50-24AM,1459306224625,1459306224576,2016-03-30-10-50-24AM,network,1.30433,103.7738923,92.948,-1.0,-1.0,-1.0
2016-03-30-10-50-39AM,1459306239299,1459306238386,2016-03-30-10-50-38AM,gps,1.30426092,103.77378682,5.0,52.70000076293945,145.4,1.0
2016-03-30-10-50-44AM,1459306244733,1459306244708,2016-03-30-10-50-44AM,network,1.3043048,103.7738887,25.584,-1.0,-1.0,-1.0
2016-03-30-10-50-59AM,1459306259383,1459306258386,2016-03-30-10-50-58AM,gps,1.30420679,103.7739389,5.0,55.099998474121094,-1.0,0.0
2016-03-30-10-51-04AM,1459306264634,1459306264619,2016-03-30-10-51-04AM,network,1.3043048,103.7738887,25.584,-1.0,-1.0,-1.0
2016-03-30-10-51-20AM,1459306280333,1459306280000,2016-03-30-10-51-20AM,gps,1.30410086,103.77394721,11.0,55.70000076293945,-1.0,0.0
2016-03-30-10-51-30AM,1459306290360,1459306290000,2016-03-30-10-51-30AM,gps,1.30396135,103.77391746,11.0,54.20000076293945,148.5,0.5
2016-03-30-10-51-40AM,1459306300355,1459306300000,2016-03-30-10-51-40AM,gps,1.30382511,103.77394991,14.0,51.599998474121094,153.7,0.75
2016-03-30-10-51-50AM,1459306310417,1459306310000,2016-03-30-10-51-50AM,gps,1.30366645,103.7740219,12.0,48.0,176.3,1.0
2016-03-30-10-52-04AM,1459306324799,1459306324713,2016-03-30-10-52-04AM,network,1.3032441,103.7744057,30.0,-1.0,-1.0,-1.0
2016-03-30-10-52-09AM,1459306329926,1459306328866,2016-03-30-10-52-08AM,gps,1.30358383,103.77423099,5.0,54.29999923706055,85.3,1.0
2016-03-30-10-52-19AM,1459306339833,1459306338846,2016-03-30-10-52-18AM,gps,1.30360753,103.77437794,6.0,54.29999923706055,104.8,1.0
2016-03-30-10-52-25AM,1459306345649,1459306345632,2016-03-30-10-52-25AM,network,1.3032367,103.774414,30.0,-1.0,-1.0,-1.0
2016-03-30-10-52-40AM,1459306360393,1459306360000,2016-03-30-10-52-40AM,gps,1.30359171,103.77437209,15.0,51.70000076293945,-1.0,0.0
2016-03-30-10-52-45AM,1459306365722,1459306365680,2016-03-30-10-52-45AM,network,1.3032336,103.7744069,30.0,-1.0,-1.0,-1.0
2016-03-30-10-52-51AM,1459306371362,1459306371000,2016-03-30-10-52-51AM,gps,1.3035937,103.77436181,15.0,51.20000076293945,146.1,0.25
2016-03-30-10-53-10AM,1459306390359,1459306390000,2016-03-30-10-53-10AM,gps,1.30348726,103.77426865,9.0,58.29999923706055,-1.0,0.0
2016-03-30-10-53-16AM,1459306396820,1459306396790,2016-03-30-10-53-16AM,network,1.3032291,103.7744063,30.0,-1.0,-1.0,-1.0
2016-03-30-10-53-29AM,1459306409841,1459306408886,2016-03-30-10-53-28AM,gps,1.30347647,103.77427363,7.0,59.099998474121094,-1.0,0.0
2016-03-30-10-53-36AM,1459306416829,1459306416804,2016-03-30-10-53-36AM,network,1.303238,103.7744021,30.0,-1.0,-1.0,-1.0
2016-03-30-10-53-50AM,1459306430360,1459306430000,2016-03-30-10-53-50AM,gps,1.30345662,103.77428722,10.0,59.5,-1.0,0.0
2016-03-30-10-53-56AM,1459306436761,1459306436732,2016-03-30-10-53-56AM,network,1.3032317,103.7744073,30.0,-1.0,-1.0,-1.0
2016-03-30-10-54-16AM,1459306456843,1459306456798,2016-03-30-10-54-16AM,network,1.3032317,103.7744073,30.0,-1.0,-1.0,-1.0
2016-03-30-10-54-31AM,1459306471849,1459306471000,2016-03-30-10-54-31AM,gps,1.30344598,103.7743002,24.0,61.20000076293945,-1.0,0.0
2016-03-30-10-54-36AM,1459306476903,1459306476825,2016-03-30-10-54-36AM,network,1.3032398,103.7744039,30.0,-1.0,-1.0,-1.0
2016-03-30-10-54-42AM,1459306482364,1459306482000,2016-03-30-10-54-42AM,gps,1.30343338,103.77430432,29.0,61.29999923706055,-1.0,0.0
2016-03-30-10-54-52AM,1459306492354,1459306492000,2016-03-30-10-54-52AM,gps,1.30343266,103.77430465,22.0,61.29999923706055,-1.0,0.0
2016-03-30-10-55-11AM,1459306511399,1459306511000,2016-03-30-10-55-11AM,gps,1.30341423,103.77431514,24.0,62.5,-1.0,0.0
2016-03-30-10-55-17AM,1459306517005,1459306516938,2016-03-30-10-55-16AM,network,1.3032387,103.7744043,30.0,-1.0,-1.0,-1.0
2016-03-30-10-55-36AM,1459306536983,1459306536956,2016-03-30-10-55-36AM,network,1.3032387,103.7744043,30.0,-1.0,-1.0,-1.0
2016-03-30-10-55-56AM,1459306556403,1459306556000,2016-03-30-10-55-56AM,gps,1.3033947,103.77432475,45.0,63.79999923706055,-1.0,0.0
2016-03-30-10-56-12AM,1459306572383,1459306572000,2016-03-30-10-56-12AM,gps,1.30338583,103.77432176,27.0,65.30000305175781,-1.0,0.0
2016-03-30-10-56-18AM,1459306578901,1459306578885,2016-03-30-10-56-18AM,network,1.3028612,103.7741773,340.046,-1.0,-1.0,-1.0
2016-03-30-10-56-30AM,1459306590356,1459306590000,2016-03-30-10-56-30AM,gps,1.30338056,103.77433125,9.0,64.80000305175781,-1.0,0.0
2016-03-30-10-56-38AM,1459306598481,1459306598472,2016-03-30-10-56-38AM,network,1.3032297,103.7744117,30.0,-1.0,-1.0,-1.0
2016-03-30-10-56-50AM,1459306610364,1459306610000,2016-03-30-10-56-50AM,gps,1.3033735,103.77433556,12.0,65.19999694824219,-1.0,0.0
2016-03-30-10-56-58AM,1459306618450,1459306618436,2016-03-30-10-56-58AM,network,1.3032355,103.7744141,30.0,-1.0,-1.0,-1.0
2016-03-30-10-57-09AM,1459306629794,1459306628786,2016-03-30-10-57-08AM,gps,1.30336039,103.77434569,6.0,63.900001525878906,-1.0,0.0
2016-03-30-10-57-18AM,1459306638451,1459306638437,2016-03-30-10-57-18AM,network,1.3032355,103.7744141,30.0,-1.0,-1.0,-1.0
2016-03-30-10-57-29AM,1459306649907,1459306648886,2016-03-30-10-57-28AM,gps,1.30334943,103.77435657,7.0,63.400001525878906,-1.0,0.0
2016-03-30-10-57-38AM,1459306658502,1459306658482,2016-03-30-10-57-38AM,network,1.3032353,103.7744131,30.0,-1.0,-1.0,-1.0
2016-03-30-10-57-51AM,1459306671366,1459306671000,2016-03-30-10-57-51AM,gps,1.30334475,103.77434907,17.0,64.80000305175781,-1.0,0.0
2016-03-30-10-58-00AM,1459306680511,1459306680497,2016-03-30-10-58-00AM,network,1.3032353,103.7744131,30.0,-1.0,-1.0,-1.0
2016-03-30-10-58-09AM,1459306689778,1459306688866,2016-03-30-10-58-08AM,gps,1.30333514,103.77435417,5.0,64.4000015258789,-1.0,0.0
2016-03-30-10-58-19AM,1459306699904,1459306698866,2016-03-30-10-58-18AM,gps,1.30333506,103.77435417,6.0,64.4000015258789,-1.0,0.0
2016-03-30-10-58-30AM,1459306710371,1459306710000,2016-03-30-10-58-30AM,gps,1.30332983,103.77435736,15.0,64.80000305175781,-1.0,0.0
2016-03-30-10-58-40AM,1459306720369,1459306720000,2016-03-30-10-58-40AM,gps,1.30332945,103.77435777,9.0,64.80000305175781,-1.0,0.0
2016-03-30-10-58-59AM,1459306739752,1459306738846,2016-03-30-10-58-58AM,gps,1.30333635,103.77436447,8.0,68.0,-1.0,0.0
2016-03-30-10-59-09AM,1459306749792,1459306748866,2016-03-30-10-59-08AM,gps,1.30333285,103.77437677,8.0,68.80000305175781,-1.0,0.0
2016-03-30-10-59-19AM,1459306759825,1459306758846,2016-03-30-10-59-18AM,gps,1.30333303,103.77438236,6.0,68.5,-1.0,0.0
2016-03-30-10-59-29AM,1459306769821,1459306768866,2016-03-30-10-59-28AM,gps,1.30334223,103.77443673,5.0,57.79999923706055,-1.0,0.0
2016-03-30-10-59-39AM,1459306779825,1459306778866,2016-03-30-10-59-38AM,gps,1.30332765,103.77447019,4.0,55.79999923706055,-1.0,0.0
2016-03-30-10-59-50AM,1459306790406,1459306790000,2016-03-30-10-59-50AM,gps,1.30334247,103.77447634,12.0,57.599998474121094,-1.0,0.0
2016-03-30-11-00-01AM,1459306801633,1459306801582,2016-03-30-11-00-01AM,network,1.3032394,103.7744123,30.0,-1.0,-1.0,-1.0
2016-03-30-11-00-21AM,1459306821380,1459306821000,2016-03-30-11-00-21AM,gps,1.30335015,103.77446687,55.0,57.5,-1.0,0.0
2016-03-30-11-00-41AM,1459306841900,1459306841862,2016-03-30-11-00-41AM,network,1.3032322,103.7744186,30.0,-1.0,-1.0,-1.0
2016-03-30-11-00-55AM,1459306855405,1459306855000,2016-03-30-11-00-55AM,gps,1.30333929,103.77446685,74.0,59.099998474121094,-1.0,0.0
2016-03-30-11-01-01AM,1459306861817,1459306861794,2016-03-30-11-01-01AM,network,1.303263,103.77433,37.5,-1.0,-1.0,-1.0
2016-03-30-11-01-21AM,1459306881938,1459306881922,2016-03-30-11-01-21AM,network,1.3032261,103.7744204,30.0,-1.0,-1.0,-1.0
2016-03-30-11-01-41AM,1459306901930,1459306901914,2016-03-30-11-01-41AM,network,1.3032284,103.774414,30.0,-1.0,-1.0,-1.0
2016-03-30-11-01-47AM,1459306907390,1459306907000,2016-03-30-11-01-47AM,gps,1.30333247,103.77446472,51.0,59.599998474121094,-1.0,0.0
2016-03-30-11-02-01AM,1459306921942,1459306921913,2016-03-30-11-02-01AM,network,1.3032284,103.774414,30.0,-1.0,-1.0,-1.0
2016-03-30-11-02-21AM,1459306941911,1459306941900,2016-03-30-11-02-21AM,network,1.3032311,103.774414,30.0,-1.0,-1.0,-1.0
2016-03-30-11-02-41AM,1459306961474,1459306961000,2016-03-30-11-02-41AM,gps,1.30332505,103.77446375,44.0,60.400001525878906,-1.0,0.0
2016-03-30-11-03-02AM,1459306982131,1459306982111,2016-03-30-11-03-02AM,network,1.3032284,103.7744223,30.0,-1.0,-1.0,-1.0
2016-03-30-11-03-15AM,1459306995432,1459306995000,2016-03-30-11-03-15AM,gps,1.30331578,103.77446114,15.0,60.400001525878906,-1.0,0.0
2016-03-30-11-03-22AM,1459307002198,1459307002175,2016-03-30-11-03-22AM,network,1.3032332,103.7744148,30.0,-1.0,-1.0,-1.0
2016-03-30-11-03-33AM,1459307013757,1459307012846,2016-03-30-11-03-32AM,gps,1.30333109,103.77445847,9.0,64.69999694824219,-1.0,0.0
2016-03-30-11-03-42AM,1459307022134,1459307022121,2016-03-30-11-03-42AM,network,1.3032314,103.7744177,30.0,-1.0,-1.0,-1.0
2016-03-30-11-04-02AM,1459307042181,1459307042144,2016-03-30-11-04-02AM,network,1.3032306,103.7744142,30.0,-1.0,-1.0,-1.0
2016-03-30-11-04-13AM,1459307053913,1459307052846,2016-03-30-11-04-12AM,gps,1.30338403,103.77445256,7.0,59.900001525878906,-1.0,0.0
2016-03-30-11-04-22AM,1459307062225,1459307062195,2016-03-30-11-04-22AM,network,1.3032306,103.7744142,30.0,-1.0,-1.0,-1.0
2016-03-30-11-04-42AM,1459307082250,1459307082214,2016-03-30-11-04-42AM,network,1.303207,103.774446,37.5,-1.0,-1.0,-1.0
2016-03-30-11-04-52AM,1459307092825,1459307091406,2016-03-30-11-04-51AM,gps,1.30365066,103.77476146,4.0,35.900001525878906,266.7,8.75
2016-03-30-11-05-03AM,1459307103435,1459307103421,2016-03-30-11-05-03AM,network,1.3034648,103.7745363,85.5,-1.0,-1.0,-1.0
2016-03-30-11-05-12AM,1459307112416,1459307111406,2016-03-30-11-05-11AM,gps,1.30323789,103.77407922,3.0,36.70000076293945,220.1,3.75
2016-03-30-11-05-22AM,1459307122660,1459307121406,2016-03-30-11-05-21AM,gps,1.30248074,103.77400953,3.0,34.599998474121094,158.3,10.75
2016-03-30-11-05-42AM,1459307142494,1459307141406,2016-03-30-11-05-41AM,gps,1.3008784,103.77438906,9.0,31.100000381469727,210.5,4.5
2016-03-30-11-05-52AM,1459307152743,1459307151406,2016-03-30-11-05-51AM,gps,1.30030738,103.77449224,9.0,30.799999237060547,153.7,8.25
2016-03-30-11-06-03AM,1459307163254,1459307163243,2016-03-30-11-06-03AM,network,1.3007887,103.773733,45.0,-1.0,-1.0,-1.0
2016-03-30-11-06-12AM,1459307172371,1459307171406,2016-03-30-11-06-11AM,gps,1.299184,103.77486566,9.0,30.600000381469727,148.6,6.0
2016-03-30-11-06-23AM,1459307183405,1459307183000,2016-03-30-11-06-23AM,gps,1.29889692,103.77539065,12.0,30.0,100.9,5.75
2016-03-30-11-06-33AM,1459307193405,1459307193000,2016-03-30-11-06-33AM,gps,1.29890847,103.77589364,12.0,30.700000762939453,79.5,4.0
2016-03-30-11-06-43AM,1459307203411,1459307203395,2016-03-30-11-06-43AM,network,1.3007887,103.773733,45.0,-1.0,-1.0,-1.0
2016-03-30-11-06-53AM,1459307213415,1459307213000,2016-03-30-11-06-53AM,gps,1.29895052,103.77608077,14.0,29.700000762939453,295.5,0.5
2016-03-30-11-07-03AM,1459307223407,1459307223000,2016-03-30-11-07-03AM,gps,1.29877605,103.77645775,12.0,27.899999618530273,118.8,5.25
2016-03-30-11-07-13AM,1459307233427,1459307233000,2016-03-30-11-07-13AM,gps,1.29821848,103.77692182,13.0,26.700000762939453,138.8,10.75
2016-03-30-11-07-23AM,1459307243419,1459307243000,2016-03-30-11-07-23AM,gps,1.29768951,103.77757271,13.0,28.5,128.6,6.75
2016-03-30-11-07-33AM,1459307253455,1459307253000,2016-03-30-11-07-33AM,gps,1.29753154,103.7778288,13.0,31.5,-1.0,0.0
2016-03-30-11-07-43AM,1459307263425,1459307263000,2016-03-30-11-07-43AM,gps,1.29741591,103.77793902,14.0,32.5,155.1,0.75
2016-03-30-11-07-53AM,1459307273415,1459307273000,2016-03-30-11-07-53AM,gps,1.29728976,103.77831069,13.0,32.099998474121094,107.2,5.0
2016-03-30-11-08-03AM,1459307283426,1459307283000,2016-03-30-11-08-03AM,gps,1.29707319,103.77924672,14.0,36.70000076293945,93.5,8.75
2016-03-30-11-08-13AM,1459307293418,1459307293000,2016-03-30-11-08-13AM,gps,1.29738747,103.77996229,16.0,34.20000076293945,71.5,8.25
2016-03-30-11-08-23AM,1459307303414,1459307303000,2016-03-30-11-08-23AM,gps,1.29748904,103.780448,15.0,28.899999618530273,71.4,4.0
2016-03-30-11-08-33AM,1459307313420,1459307313000,2016-03-30-11-08-33AM,gps,1.29749988,103.78058318,14.0,30.299999237060547,72.5,0.75
2016-03-30-11-08-43AM,1459307323417,1459307323000,2016-03-30-11-08-43AM,gps,1.29750006,103.78053974,13.0,30.299999237060547,-1.0,0.0
2016-03-30-11-08-55AM,1459307335450,1459307335000,2016-03-30-11-08-55AM,gps,1.29749128,103.78052324,25.0,30.0,-1.0,0.0
2016-03-30-11-09-04AM,1459307344038,1459307344023,2016-03-30-11-09-04AM,network,1.2974007,103.780284,110.561,-1.0,-1.0,-1.0
2016-03-30-11-09-13AM,1459307353458,1459307353000,2016-03-30-11-09-13AM,gps,1.2973957,103.78087736,11.0,33.099998474121094,121.1,2.25
2016-03-30-11-09-24AM,1459307364118,1459307364061,2016-03-30-11-09-24AM,network,1.2973875,103.7805616,37.5,-1.0,-1.0,-1.0
2016-03-30-11-09-32AM,1459307372413,1459307371386,2016-03-30-11-09-31AM,gps,1.29697238,103.7822062,3.0,35.70000076293945,101.6,1.25
2016-03-30-11-09-42AM,1459307382500,1459307381386,2016-03-30-11-09-41AM,gps,1.29696885,103.78222709,3.0,36.20000076293945,-1.0,0.0
2016-03-30-11-09-52AM,1459307392760,1459307391386,2016-03-30-11-09-51AM,gps,1.2969401,103.7823827,4.0,33.900001525878906,94.7,2.25
2016-03-30-11-10-05AM,1459307405181,1459307405153,2016-03-30-11-10-05AM,network,1.296067,103.7820977,85.5,-1.0,-1.0,-1.0
2016-03-30-11-10-12AM,1459307412497,1459307411386,2016-03-30-11-10-11AM,gps,1.29688856,103.7829009,9.0,37.099998474121094,102.2,4.5
2016-03-30-11-10-22AM,1459307422750,1459307421386,2016-03-30-11-10-21AM,gps,1.29643762,103.78348524,9.0,35.599998474121094,131.2,10.0
2016-03-30-11-10-33AM,1459307433452,1459307433000,2016-03-30-11-10-33AM,gps,1.29574198,103.7840191,11.0,40.400001525878906,147.2,6.0
2016-03-30-11-10-43AM,1459307443473,1459307443000,2016-03-30-11-10-43AM,gps,1.29519153,103.78440667,14.0,38.599998474121094,137.6,7.0
2016-03-30-11-10-53AM,1459307453434,1459307453000,2016-03-30-11-10-53AM,gps,1.29504361,103.784436,11.0,41.099998474121094,-1.0,0.0
2016-03-30-11-11-03AM,1459307463434,1459307463000,2016-03-30-11-11-03AM,gps,1.29504531,103.78446506,10.0,40.599998474121094,-1.0,0.0
2016-03-30-11-11-23AM,1459307483465,1459307483000,2016-03-30-11-11-23AM,gps,1.29455575,103.78475014,10.0,46.79999923706055,-1.0,0.0
2016-03-30-11-11-42AM,1459307502433,1459307501386,2016-03-30-11-11-41AM,gps,1.29453194,103.78475046,9.0,52.0,-1.0,0.0
2016-03-30-11-11-52AM,1459307512746,1459307511386,2016-03-30-11-11-51AM,gps,1.29437569,103.78487207,9.0,52.900001525878906,145.0,4.5
2016-03-30-11-12-06AM,1459307526340,1459307526305,2016-03-30-11-12-06AM,network,1.2946854,103.7842001,36.0,-1.0,-1.0,-1.0
2016-03-30-11-12-12AM,1459307532449,1459307531386,2016-03-30-11-12-11AM,gps,1.29342426,103.78500125,9.0,53.400001525878906,-1.0,0.0
2016-03-30-11-12-22AM,1459307542743,1459307541386,2016-03-30-11-12-21AM,gps,1.29345075,103.7850197,9.0,49.70000076293945,-1.0,0.0
2016-03-30-11-12-42AM,1459307562446,1459307561386,2016-03-30-11-12-41AM,gps,1.2934497,103.7850185,9.0,50.099998474121094,-1.0,0.0
2016-03-30-11-12-52AM,1459307572746,1459307571386,2016-03-30-11-12-51AM,gps,1.29345038,103.78502008,9.0,50.0,-1.0,0.0
2016-03-30-11-13-03AM,1459307583497,1459307583000,2016-03-30-11-13-03AM,gps,1.29344951,103.78502089,11.0,50.099998474121094,-1.0,0.0
2016-03-30-11-13-23AM,1459307603440,1459307603000,2016-03-30-11-13-23AM,gps,1.29345136,103.78502172,10.0,50.0,-1.0,0.0
2016-03-30-11-13-42AM,1459307622410,1459307621386,2016-03-30-11-13-41AM,gps,1.29345078,103.78502205,9.0,50.0,-1.0,0.0
2016-03-30-11-13-52AM,1459307632744,1459307631386,2016-03-30-11-13-51AM,gps,1.29345063,103.78502181,9.0,50.0,-1.0,0.0
2016-03-30-11-14-08AM,1459307648982,1459307648956,2016-03-30-11-14-08AM,network,1.2930227,103.7848836,30.0,-1.0,-1.0,-1.0
2016-03-30-11-14-23AM,1459307663474,1459307663000,2016-03-30-11-14-23AM,gps,1.29225731,103.78431515,11.0,55.099998474121094,225.2,1.25
2016-03-30-11-14-33AM,1459307673448,1459307673000,2016-03-30-11-14-33AM,gps,1.29193851,103.7840072,11.0,60.400001525878906,223.2,8.0
2016-03-30-11-14-48AM,1459307688653,1459307688614,2016-03-30-11-14-48AM,network,1.2930227,103.7848836,30.0,-1.0,-1.0,-1.0
2016-03-30-11-15-03AM,1459307703504,1459307703000,2016-03-30-11-15-03AM,gps,1.29163738,103.78254258,12.0,63.5,247.0,6.0
2016-03-30-11-15-08AM,1459307708602,1459307708586,2016-03-30-11-15-08AM,network,1.2930227,103.7848836,30.0,-1.0,-1.0,-1.0
2016-03-30-11-15-22AM,1459307722797,1459307721386,2016-03-30-11-15-21AM,gps,1.2911419,103.78142893,9.0,57.900001525878906,246.4,5.5
2016-03-30-11-15-28AM,1459307728955,1459307728932,2016-03-30-11-15-28AM,network,1.2918089,103.7833234,132.04,-1.0,-1.0,-1.0
2016-03-30-11-15-42AM,1459307742492,1459307741386,2016-03-30-11-15-41AM,gps,1.29096139,103.78117735,9.0,51.20000076293945,250.7,0.25
2016-03-30-11-15-48AM,1459307748805,1459307748761,2016-03-30-11-15-48AM,network,1.2918089,103.7833234,132.04,-1.0,-1.0,-1.0
2016-03-30-11-16-09AM,1459307769769,1459307769745,2016-03-30-11-16-09AM,network,1.2915398,103.7822147,26.443,-1.0,-1.0,-1.0
2016-03-30-11-16-22AM,1459307782736,1459307781386,2016-03-30-11-16-21AM,gps,1.29091965,103.78116577,9.0,54.900001525878906,-1.0,0.0
2016-03-30-11-16-30AM,1459307790303,1459307790289,2016-03-30-11-16-30AM,network,1.2911033,103.7812493,43.967,-1.0,-1.0,-1.0
2016-03-30-11-16-42AM,1459307802489,1459307801386,2016-03-30-11-16-41AM,gps,1.29088957,103.78114185,9.0,51.70000076293945,250.7,0.25
2016-03-30-11-16-49AM,1459307809794,1459307809773,2016-03-30-11-16-49AM,network,1.2910479,103.7811545,25.496,-1.0,-1.0,-1.0
2016-03-30-11-17-03AM,1459307823479,1459307823000,2016-03-30-11-17-03AM,gps,1.2908653,103.78113086,12.0,50.0,-1.0,0.0
2016-03-30-11-17-09AM,1459307829774,1459307829748,2016-03-30-11-17-09AM,network,1.2910473,103.7812109,20.309,-1.0,-1.0,-1.0
2016-03-30-11-17-23AM,1459307843505,1459307843000,2016-03-30-11-17-23AM,gps,1.2908732,103.78113549,11.0,49.79999923706055,-1.0,0.0
2016-03-30-11-17-29AM,1459307849863,1459307849801,2016-03-30-11-17-29AM,network,1.2910721,103.7812104,41.486,-1.0,-1.0,-1.0
2016-03-30-11-17-43AM,1459307863476,1459307863000,2016-03-30-11-17-43AM,gps,1.2908752,103.78113537,13.0,49.900001525878906,-1.0,0.0
2016-03-30-11-17-49AM,1459307869803,1459307869785,2016-03-30-11-17-49AM,network,1.2910482,103.7811176,34.686,-1.0,-1.0,-1.0
2016-03-30-11-18-03AM,1459307883516,1459307883000,2016-03-30-11-18-03AM,gps,1.29087731,103.78113384,14.0,50.0,-1.0,0.0
2016-03-30-11-18-09AM,1459307889776,1459307889757,2016-03-30-11-18-09AM,network,1.2910371,103.7810901,33.067,-1.0,-1.0,-1.0
2016-03-30-11-18-23AM,1459307903491,1459307903000,2016-03-30-11-18-23AM,gps,1.29087953,103.78113332,14.0,50.0,-1.0,0.0
2016-03-30-11-18-29AM,1459307909777,1459307909746,2016-03-30-11-18-29AM,network,1.2910461,103.7811299,35.772,-1.0,-1.0,-1.0
2016-03-30-11-18-43AM,1459307923506,1459307923000,2016-03-30-11-18-43AM,gps,1.29088141,103.78113359,13.0,49.900001525878906,-1.0,0.0
2016-03-30-11-18-49AM,1459307929837,1459307929822,2016-03-30-11-18-49AM,network,1.2910477,103.7811339,36.023,-1.0,-1.0,-1.0
2016-03-30-11-19-03AM,1459307943504,1459307943000,2016-03-30-11-19-03AM,gps,1.29088315,103.78113395,12.0,49.79999923706055,-1.0,0.0
2016-03-30-11-19-09AM,1459307949924,1459307949909,2016-03-30-11-19-09AM,network,1.291062,103.7812182,23.0,-1.0,-1.0,-1.0
2016-03-30-11-19-23AM,1459307963495,1459307963000,2016-03-30-11-19-23AM,gps,1.29088784,103.78113799,11.0,49.5,-1.0,0.0
2016-03-30-11-19-30AM,1459307970086,1459307970043,2016-03-30-11-19-30AM,network,1.2910768,103.7812314,20.681,-1.0,-1.0,-1.0
2016-03-30-11-19-42AM,1459307982588,1459307981386,2016-03-30-11-19-41AM,gps,1.29089398,103.78114331,9.0,49.099998474121094,-1.0,0.0
2016-03-30-11-19-49AM,1459307989979,1459307989925,2016-03-30-11-19-49AM,network,1.2910564,103.7812283,25.97,-1.0,-1.0,-1.0
2016-03-30-11-20-02AM,1459308002555,1459308001386,2016-03-30-11-20-01AM,gps,1.29089741,103.7811462,9.0,48.900001525878906,-1.0,0.0
2016-03-30-11-20-10AM,1459308010120,1459308010098,2016-03-30-11-20-10AM,network,1.2910444,103.7812199,24.998,-1.0,-1.0,-1.0
2016-03-30-11-20-23AM,1459308023502,1459308023000,2016-03-30-11-20-23AM,gps,1.29090065,103.7811489,11.0,48.70000076293945,-1.0,0.0
2016-03-30-11-20-30AM,1459308030022,1459308029999,2016-03-30-11-20-29AM,network,1.2910369,103.7811863,23.0,-1.0,-1.0,-1.0
2016-03-30-11-20-43AM,1459308043502,1459308043000,2016-03-30-11-20-43AM,gps,1.29090374,103.78115049,12.0,48.5,-1.0,0.0
2016-03-30-11-20-50AM,1459308050094,1459308050066,2016-03-30-11-20-50AM,network,1.2910369,103.7811902,22.171,-1.0,-1.0,-1.0
2016-03-30-11-21-03AM,1459308063500,1459308063000,2016-03-30-11-21-03AM,gps,1.29090701,103.78115228,11.0,48.29999923706055,-1.0,0.0
2016-03-30-11-21-10AM,1459308070021,1459308069995,2016-03-30-11-21-09AM,network,1.2910388,103.7811896,27.0,-1.0,-1.0,-1.0
2016-03-30-11-21-23AM,1459308083484,1459308083000,2016-03-30-11-21-23AM,gps,1.29090918,103.78115346,11.0,48.20000076293945,-1.0,0.0
2016-03-30-11-21-30AM,1459308090093,1459308090058,2016-03-30-11-21-30AM,network,1.2910526,103.7811924,21.0,-1.0,-1.0,-1.0
2016-03-30-11-21-43AM,1459308103495,1459308103000,2016-03-30-11-21-43AM,gps,1.29091273,103.78115525,10.0,47.900001525878906,-1.0,0.0
2016-03-30-11-21-50AM,1459308110116,1459308110097,2016-03-30-11-21-50AM,network,1.2910498,103.7811596,38.035,-1.0,-1.0,-1.0
2016-03-30-11-22-03AM,1459308123499,1459308123000,2016-03-30-11-22-03AM,gps,1.29091772,103.78111633,12.0,49.79999923706055,285.2,0.75
2016-03-30-11-22-10AM,1459308130201,1459308130179,2016-03-30-11-22-10AM,network,1.2910335,103.7810765,32.22,-1.0,-1.0,-1.0
2016-03-30-11-22-23AM,1459308143485,1459308143000,2016-03-30-11-22-23AM,gps,1.29094476,103.78096913,11.0,43.5,-1.0,0.0
2016-03-30-11-22-31AM,1459308151167,1459308151122,2016-03-30-11-22-31AM,network,1.2910251,103.781094,33.992,-1.0,-1.0,-1.0
2016-03-30-11-22-51AM,1459308171134,1459308171115,2016-03-30-11-22-51AM,network,1.291005,103.7810331,36.584,-1.0,-1.0,-1.0
2016-03-30-11-23-03AM,1459308183512,1459308183000,2016-03-30-11-23-03AM,gps,1.2910867,103.78066036,11.0,39.099998474121094,293.5,0.75
2016-03-30-11-23-11AM,1459308191221,1459308191206,2016-03-30-11-23-11AM,network,1.2910145,103.7810045,39.217,-1.0,-1.0,-1.0
2016-03-30-11-23-23AM,1459308203532,1459308203000,2016-03-30-11-23-23AM,gps,1.29117937,103.78054817,12.0,36.70000076293945,20.9,0.75
2016-03-30-11-23-31AM,1459308211163,1459308211146,2016-03-30-11-23-31AM,network,1.2912847,103.7809401,51.556,-1.0,-1.0,-1.0
2016-03-30-11-23-43AM,1459308223530,1459308223000,2016-03-30-11-23-43AM,gps,1.29136771,103.78054984,14.0,38.29999923706055,342.3,0.75
2016-03-30-11-23-51AM,1459308231434,1459308231419,2016-03-30-11-23-51AM,network,1.2912193,103.7806923,45.837,-1.0,-1.0,-1.0
2016-03-30-11-24-11AM,1459308251338,1459308251324,2016-03-30-11-24-11AM,network,1.291242,103.7807026,48.123,-1.0,-1.0,-1.0
2016-03-30-11-24-31AM,1459308271367,1459308271342,2016-03-30-11-24-31AM,network,1.2913838,103.7807494,32.022,-1.0,-1.0,-1.0
2016-03-30-11-24-51AM,1459308291754,1459308291741,2016-03-30-11-24-51AM,network,1.2917583,103.7803317,135.841,-1.0,-1.0,-1.0
2016-03-30-11-25-09AM,1459308309555,1459308309000,2016-03-30-11-25-09AM,gps,1.29127746,103.77985695,47.0,37.599998474121094,236.0,1.5
2016-03-30-11-25-21AM,1459308321500,1459308321000,2016-03-30-11-25-21AM,gps,1.29136622,103.78011621,13.0,36.79999923706055,-1.0,0.0
2016-03-30-11-25-31AM,1459308331317,1459308331268,2016-03-30-11-25-31AM,network,1.2916298,103.7805007,96.0,-1.0,-1.0,-1.0
2016-03-30-11-25-40AM,1459308340647,1459308340000,2016-03-30-11-25-40AM,gps,1.29136248,103.78013857,49.0,35.70000076293945,-1.0,0.0
2016-03-30-11-25-51AM,1459308351856,1459308351817,2016-03-30-11-25-51AM,network,1.2913056,103.7801128,54.612,-1.0,-1.0,-1.0
2016-03-30-11-26-11AM,1459308371518,1459308371504,2016-03-30-11-26-11AM,network,1.2912841,103.7801316,62.693,-1.0,-1.0,-1.0
2016-03-30-11-26-32AM,1459308392543,1459308392528,2016-03-30-11-26-32AM,network,1.2913193,103.7801132,65.073,-1.0,-1.0,-1.0
2016-03-30-11-26-45AM,1459308405546,1459308405000,2016-03-30-11-26-45AM,gps,1.2917195,103.78034817,67.0,30.899999618530273,-1.0,0.0
2016-03-30-11-26-52AM,1459308412518,1459308412497,2016-03-30-11-26-52AM,network,1.2913186,103.7801197,64.473,-1.0,-1.0,-1.0
2016-03-30-11-27-12AM,1459308432490,1459308432471,2016-03-30-11-27-12AM,network,1.2917204,103.780263,72.26,-1.0,-1.0,-1.0
2016-03-30-11-27-25AM,1459308445799,1459308444386,2016-03-30-11-27-24AM,gps,1.29167562,103.78037322,3.0,31.399999618530273,-1.0,0.0
2016-03-30-11-27-32AM,1459308452531,1459308452504,2016-03-30-11-27-32AM,network,1.291712,103.7803709,65.232,-1.0,-1.0,-1.0
2016-03-30-11-27-45AM,1459308465511,1459308464386,2016-03-30-11-27-44AM,gps,1.29165476,103.78035547,9.0,32.79999923706055,141.1,0.5
2016-03-30-11-27-52AM,1459308472555,1459308472532,2016-03-30-11-27-52AM,network,1.2916966,103.7803631,140.915,-1.0,-1.0,-1.0
2016-03-30-11-28-05AM,1459308485621,1459308484386,2016-03-30-11-28-04AM,gps,1.29184129,103.78036875,9.0,37.29999923706055,22.6,0.5
2016-03-30-11-28-12AM,1459308492557,1459308492532,2016-03-30-11-28-12AM,network,1.2917175,103.7804075,138.351,-1.0,-1.0,-1.0
2016-03-30-11-28-25AM,1459308505531,1459308504386,2016-03-30-11-28-24AM,gps,1.29188997,103.78037165,9.0,41.70000076293945,-1.0,0.0
2016-03-30-11-28-32AM,1459308512588,1459308512539,2016-03-30-11-28-32AM,network,1.291727,103.7803842,137.813,-1.0,-1.0,-1.0
2016-03-30-11-28-45AM,1459308525512,1459308525000,2016-03-30-11-28-45AM,gps,1.2912338,103.78088663,21.0,41.599998474121094,115.2,6.75
2016-03-30-11-28-52AM,1459308532581,1459308532543,2016-03-30-11-28-52AM,network,1.2911597,103.7812321,196.732,-1.0,-1.0,-1.0
2016-03-30-11-29-12AM,1459308552671,1459308552656,2016-03-30-11-29-12AM,network,1.2911595,103.7812318,27.0,-1.0,-1.0,-1.0
2016-03-30-11-29-26AM,1459308566553,1459308566000,2016-03-30-11-29-26AM,gps,1.29194691,103.78292889,78.0,40.5,70.9,5.25
2016-03-30-11-29-32AM,1459308572391,1459308572377,2016-03-30-11-29-32AM,network,1.2911595,103.781249,26.0,-1.0,-1.0,-1.0
2016-03-30-11-29-52AM,1459308592503,1459308592479,2016-03-30-11-29-52AM,network,1.2911372,103.7813051,26.0,-1.0,-1.0,-1.0
2016-03-30-11-30-01AM,1459308601554,1459308601000,2016-03-30-11-30-01AM,gps,1.29255231,103.78434883,72.0,41.599998474121094,40.1,8.75
2016-03-30-11-30-12AM,1459308612445,1459308612430,2016-03-30-11-30-12AM,network,1.2919178,103.7831899,91.5,-1.0,-1.0,-1.0
2016-03-30-11-30-23AM,1459308623555,1459308623000,2016-03-30-11-30-23AM,gps,1.29427654,103.78484085,14.0,36.5,350.5,7.0
2016-03-30-11-30-32AM,1459308632485,1459308632463,2016-03-30-11-30-32AM,network,1.2919535,103.783528,48.0,-1.0,-1.0,-1.0
2016-03-30-11-30-43AM,1459308643534,1459308643000,2016-03-30-11-30-43AM,gps,1.294882,103.78438336,13.0,37.70000076293945,300.7,1.25
2016-03-30-11-30-53AM,1459308653524,1459308653000,2016-03-30-11-30-53AM,gps,1.29475548,103.78441262,13.0,38.0,178.5,1.25
2016-03-30-11-31-04AM,1459308664560,1459308664000,2016-03-30-11-31-04AM,gps,1.29466463,103.7845352,25.0,36.400001525878906,121.5,1.25
2016-03-30-11-31-14AM,1459308674594,1459308674000,2016-03-30-11-31-14AM,gps,1.29476155,103.78456871,29.0,34.79999923706055,143.9,0.25
2016-03-30-11-31-24AM,1459308684553,1459308684000,2016-03-30-11-31-24AM,gps,1.29503303,103.78438415,23.0,35.0,321.0,2.75
2016-03-30-11-31-43AM,1459308703539,1459308703000,2016-03-30-11-31-43AM,gps,1.29606611,103.7837753,16.0,33.400001525878906,327.0,5.5
2016-03-30-11-31-55AM,1459308715526,1459308715000,2016-03-30-11-31-55AM,gps,1.29636862,103.78352056,34.0,34.0,318.2,4.0
2016-03-30-11-32-05AM,1459308725533,1459308725000,2016-03-30-11-32-05AM,gps,1.29668915,103.7831716,35.0,33.70000076293945,336.5,2.5
2016-03-30-11-32-15AM,1459308735531,1459308735000,2016-03-30-11-32-15AM,gps,1.29708306,103.78254998,37.0,33.400001525878906,300.0,6.0
2016-03-30-11-32-33AM,1459308753556,1459308753000,2016-03-30-11-32-33AM,gps,1.29737025,103.78154914,19.0,34.29999923706055,286.4,5.5
2016-03-30-11-32-44AM,1459308764610,1459308764000,2016-03-30-11-32-44AM,gps,1.2974474,103.78121698,23.0,33.70000076293945,280.8,2.5
2016-03-30-11-33-03AM,1459308783537,1459308783000,2016-03-30-11-33-03AM,gps,1.29736778,103.78095144,16.0,33.400001525878906,224.0,1.5
2016-03-30-11-33-14AM,1459308794759,1459308794745,2016-03-30-11-33-14AM,network,1.2973595,103.7806369,42.0,-1.0,-1.0,-1.0
2016-03-30-11-33-31AM,1459308811531,1459308811000,2016-03-30-11-33-31AM,gps,1.29726302,103.7807704,47.0,33.400001525878906,233.5,0.75
2016-03-30-11-33-55AM,1459308835217,1459308835205,2016-03-30-11-33-55AM,network,1.2973595,103.7806369,42.0,-1.0,-1.0,-1.0
2016-03-30-11-34-15AM,1459308855480,1459308855468,2016-03-30-11-34-15AM,network,1.2974342,103.7804064,298.5,-1.0,-1.0,-1.0
2016-03-30-11-34-35AM,1459308875249,1459308875235,2016-03-30-11-34-35AM,network,1.2979454,103.778785,49.5,-1.0,-1.0,-1.0
2016-03-30-11-34-55AM,1459308895273,1459308895231,2016-03-30-11-34-55AM,network,1.2979315,103.7787736,37.5,-1.0,-1.0,-1.0
2016-03-30-11-35-15AM,1459308915731,1459308915723,2016-03-30-11-35-15AM,network,1.2982317,103.7769602,52.035,-1.0,-1.0,-1.0
2016-03-30-11-35-32AM,1459308932595,1459308932000,2016-03-30-11-35-32AM,gps,1.29891005,103.77651549,18.0,47.0,309.5,4.25
2016-03-30-11-35-42AM,1459308942586,1459308942000,2016-03-30-11-35-42AM,gps,1.29887734,103.77618392,18.0,40.599998474121094,229.0,1.5
2016-03-30-11-35-52AM,1459308952547,1459308952000,2016-03-30-11-35-52AM,gps,1.29890659,103.77596062,15.0,40.599998474121094,274.6,2.5
2016-03-30-11-36-03AM,1459308963636,1459308963000,2016-03-30-11-36-03AM,gps,1.2988702,103.77570455,22.0,38.400001525878906,264.8,2.25
2016-03-30-11-36-16AM,1459308976603,1459308976581,2016-03-30-11-36-16AM,network,1.2983525,103.7767169,88.683,-1.0,-1.0,-1.0
2016-03-30-11-36-36AM,1459308996545,1459308996524,2016-03-30-11-36-36AM,network,1.298786,103.7757897,24.396,-1.0,-1.0,-1.0
2016-03-30-11-36-41AM,1459309001558,1459309001000,2016-03-30-11-36-41AM,gps,1.29874442,103.77550834,47.0,35.70000076293945,267.9,2.25
2016-03-30-11-36-56AM,1459309016602,1459309016519,2016-03-30-11-36-56AM,network,1.2987941,103.7757433,25.268,-1.0,-1.0,-1.0
2016-03-30-11-37-17AM,1459309037304,1459309037257,2016-03-30-11-37-17AM,network,1.2988609,103.7757115,33.0,-1.0,-1.0,-1.0
2016-03-30-11-37-36AM,1459309056586,1459309056575,2016-03-30-11-37-36AM,network,1.2988285,103.7757391,34.5,-1.0,-1.0,-1.0
2016-03-30-11-37-46AM,1459309066566,1459309066000,2016-03-30-11-37-46AM,gps,1.29880269,103.7754443,73.0,7.900000095367432,197.4,2.0
2016-03-30-11-38-36AM,1459309116661,1459309116630,2016-03-30-11-38-36AM,network,1.2967457,103.772118,37.5,-1.0,-1.0,-1.0
2016-03-30-11-38-56AM,1459309136911,1459309136886,2016-03-30-11-38-56AM,network,1.2967457,103.772118,37.5,-1.0,-1.0,-1.0
2016-03-30-11-39-06AM,1459309146653,1459309146000,2016-03-30-11-39-06AM,gps,1.29662863,103.77211059,52.0,7.800000190734863,63.3,0.75
2016-03-30-11-39-16AM,1459309156864,1459309156806,2016-03-30-11-39-16AM,network,1.2967457,103.772118,37.5,-1.0,-1.0,-1.0
2016-03-30-11-39-36AM,1459309176960,1459309176942,2016-03-30-11-39-36AM,network,1.2967457,103.772118,37.5,-1.0,-1.0,-1.0
2016-03-30-11-40-56AM,1459309256578,1459309256000,2016-03-30-11-40-56AM,gps,1.29480406,103.77036101,166.0,34.20000076293945,200.6,3.75
2016-03-30-11-41-18AM,1459309278598,1459309278000,2016-03-30-11-41-18AM,gps,1.29487942,103.77042395,50.0,36.79999923706055,293.2,0.75
2016-03-30-11-41-49AM,1459309309601,1459309309000,2016-03-30-11-41-49AM,gps,1.29417458,103.77144557,66.0,34.0,105.0,6.75
2016-03-30-11-42-05AM,1459309325614,1459309325000,2016-03-30-11-42-05AM,gps,1.29368076,103.77187193,40.0,40.70000076293945,358.2,0.75
2016-03-30-11-42-33AM,1459309353661,1459309353000,2016-03-30-11-42-33AM,gps,1.29346819,103.77188416,53.0,37.29999923706055,190.0,1.5
2016-03-30-11-42-58AM,1459309378360,1459309378346,2016-03-30-11-42-58AM,network,1.2935068,103.7721411,43.5,-1.0,-1.0,-1.0
2016-03-30-11-43-18AM,1459309398526,1459309398488,2016-03-30-11-43-18AM,network,1.2935068,103.7721411,43.5,-1.0,-1.0,-1.0
2016-03-30-11-43-38AM,1459309418697,1459309418637,2016-03-30-11-43-38AM,network,1.29467,103.7735138,30.503,-1.0,-1.0,-1.0
2016-03-30-11-43-59AM,1459309439561,1459309439551,2016-03-30-11-43-59AM,network,1.2945847,103.7736461,21.0,-1.0,-1.0,-1.0
2016-03-30-11-44-10AM,1459309450653,1459309450000,2016-03-30-11-44-10AM,gps,1.29449858,103.77357242,94.0,42.5,284.1,1.0
2016-03-30-11-44-19AM,1459309459679,1459309459635,2016-03-30-11-44-19AM,network,1.2946124,103.7736192,23.0,-1.0,-1.0,-1.0
2016-03-30-11-44-39AM,1459309479518,1459309479479,2016-03-30-11-44-39AM,network,1.2946119,103.7736195,23.0,-1.0,-1.0,-1.0
2016-03-30-11-45-01AM,1459309501623,1459309501593,2016-03-30-11-45-01AM,network,1.2945883,103.7736327,24.0,-1.0,-1.0,-1.0
2016-03-30-11-45-21AM,1459309521824,1459309521716,2016-03-30-11-45-21AM,network,1.2946115,103.7735848,24.0,-1.0,-1.0,-1.0
2016-03-30-11-45-29AM,1459309529622,1459309529000,2016-03-30-11-45-29AM,gps,1.29392519,103.77331236,63.0,-1.7999999523162842,171.0,1.0
2016-03-30-11-45-41AM,1459309541724,1459309541688,2016-03-30-11-45-41AM,network,1.2946558,103.7734819,23.0,-1.0,-1.0,-1.0
2016-03-30-11-46-01AM,1459309561894,1459309561877,2016-03-30-11-46-01AM,network,1.2931481,103.7728315,45.0,-1.0,-1.0,-1.0
2016-03-30-11-46-21AM,1459309581711,1459309581695,2016-03-30-11-46-21AM,network,1.2931481,103.7728315,45.0,-1.0,-1.0,-1.0
2016-03-30-11-46-27AM,1459309587601,1459309587000,2016-03-30-11-46-27AM,gps,1.29310243,103.77372634,54.0,-9.399999618530273,121.4,2.0
2016-03-30-11-46-37AM,1459309597747,1459309596386,2016-03-30-11-46-36AM,gps,1.29291065,103.77501487,8.0,42.20000076293945,28.7,6.25
2016-03-30-11-46-47AM,1459309607750,1459309606386,2016-03-30-11-46-46AM,gps,1.29325186,103.77509916,5.0,42.20000076293945,10.3,2.0
2016-03-30-11-46-57AM,1459309617694,1459309616386,2016-03-30-11-46-56AM,gps,1.29333972,103.77517554,4.0,38.099998474121094,-1.0,0.0
2016-03-30-11-47-07AM,1459309627647,1459309626386,2016-03-30-11-47-06AM,gps,1.29331003,103.77515849,4.0,33.900001525878906,23.6,0.5
2016-03-30-11-47-18AM,1459309638606,1459309638000,2016-03-30-11-47-18AM,gps,1.29329537,103.77501932,14.0,24.0,23.6,0.5
2016-03-30-11-47-28AM,1459309648613,1459309648000,2016-03-30-11-47-28AM,gps,1.29329147,103.77488571,18.0,28.5,23.6,0.5
2016-03-30-11-47-39AM,1459309659640,1459309659000,2016-03-30-11-47-39AM,gps,1.29333335,103.77482809,15.0,30.799999237060547,23.6,0.5
2016-03-30-11-47-58AM,1459309678507,1459309677366,2016-03-30-11-47-57AM,gps,1.29335494,103.7747975,9.0,25.799999237060547,-1.0,0.0
2016-03-30-11-48-08AM,1459309688788,1459309687366,2016-03-30-11-48-07AM,gps,1.2933582,103.77478152,9.0,26.100000381469727,-1.0,0.0
2016-03-30-11-48-19AM,1459309699663,1459309699000,2016-03-30-11-48-19AM,gps,1.29336694,103.7747764,18.0,25.700000762939453,-1.0,0.0
2016-03-30-11-48-42AM,1459309722039,1459309721996,2016-03-30-11-48-41AM,network,1.2934429,103.774686,52.564,-1.0,-1.0,-1.0
2016-03-30-11-48-53AM,1459309733614,1459309733000,2016-03-30-11-48-53AM,gps,1.29337516,103.7747744,72.0,26.0,-1.0,0.0
2016-03-30-11-49-02AM,1459309742094,1459309742076,2016-03-30-11-49-02AM,network,1.293495,103.7746717,55.19,-1.0,-1.0,-1.0
2016-03-30-11-49-22AM,1459309762315,1459309762284,2016-03-30-11-49-22AM,network,1.293893,103.7744897,61.915,-1.0,-1.0,-1.0
2016-03-30-11-49-27AM,1459309767654,1459309767000,2016-03-30-11-49-27AM,gps,1.29338679,103.77477527,56.0,24.799999237060547,-1.0,0.0
2016-03-30-11-49-38AM,1459309778667,1459309777386,2016-03-30-11-49-37AM,gps,1.29347028,103.77475642,16.0,27.600000381469727,246.4,0.5
2016-03-30-11-49-48AM,1459309788627,1459309787386,2016-03-30-11-49-47AM,gps,1.29367641,103.77460671,15.0,36.29999923706055,246.4,0.5
2016-03-30-11-49-59AM,1459309799623,1459309799000,2016-03-30-11-49-59AM,gps,1.29393893,103.77426781,13.0,42.79999923706055,301.0,0.75
2016-03-30-11-50-10AM,1459309810637,1459309810000,2016-03-30-11-50-10AM,gps,1.29399467,103.77428686,24.0,40.599998474121094,301.0,0.5
2016-03-30-11-50-21AM,1459309821656,1459309821000,2016-03-30-11-50-21AM,gps,1.29407677,103.77419132,36.0,40.79999923706055,301.0,0.5
2016-03-30-11-50-31AM,1459309831624,1459309831000,2016-03-30-11-50-31AM,gps,1.29419874,103.77421878,39.0,40.400001525878906,301.0,0.5
2016-03-30-11-50-43AM,1459309843395,1459309843374,2016-03-30-11-50-43AM,network,1.2944031,103.7742512,77.74,-1.0,-1.0,-1.0
2016-03-30-11-51-03AM,1459309863514,1459309863499,2016-03-30-11-51-03AM,network,1.294423,103.7742122,73.732,-1.0,-1.0,-1.0
2016-03-30-11-51-23AM,1459309883639,1459309883622,2016-03-30-11-51-23AM,network,1.2945116,103.7741629,67.131,-1.0,-1.0,-1.0
2016-03-30-11-51-43AM,1459309903747,1459309903735,2016-03-30-11-51-43AM,network,1.2950744,103.7740851,61.355,-1.0,-1.0,-1.0
2016-03-30-11-52-03AM,1459309923966,1459309923953,2016-03-30-11-52-03AM,network,1.2951719,103.7740684,20.0,-1.0,-1.0,-1.0
2016-03-30-11-52-22AM,1459309942626,1459309942000,2016-03-30-11-52-22AM,gps,1.29519281,103.7741676,44.0,36.20000076293945,136.6,1.0
2016-03-30-11-52-38AM,1459309958654,1459309958000,2016-03-30-11-52-38AM,gps,1.29502792,103.77400564,34.0,31.799999237060547,253.3,1.0
2016-03-30-11-52-43AM,1459309963786,1459309963734,2016-03-30-11-52-43AM,network,1.2951652,103.7740691,20.0,-1.0,-1.0,-1.0
2016-03-30-11-52-56AM,1459309976656,1459309976000,2016-03-30-11-52-56AM,gps,1.29524133,103.77399451,12.0,35.20000076293945,324.2,0.25
2016-03-30-11-53-03AM,1459309983690,1459309983672,2016-03-30-11-53-03AM,network,1.2951298,103.7740639,20.0,-1.0,-1.0,-1.0
2016-03-30-11-53-09AM,1459309989682,1459309989000,2016-03-30-11-53-09AM,gps,1.29515465,103.77395719,49.0,38.29999923706055,219.8,1.0
2016-03-30-11-53-23AM,1459310003698,1459310003664,2016-03-30-11-53-23AM,network,1.2951161,103.7740584,20.0,-1.0,-1.0,-1.0
2016-03-30-11-53-43AM,1459310023715,1459310023673,2016-03-30-11-53-43AM,network,1.2951265,103.7740728,20.0,-1.0,-1.0,-1.0
2016-03-30-11-54-03AM,1459310043698,1459310043668,2016-03-30-11-54-03AM,network,1.2951267,103.7740638,20.0,-1.0,-1.0,-1.0
2016-03-30-11-54-23AM,1459310063807,1459310063769,2016-03-30-11-54-23AM,network,1.2951231,103.7740639,20.0,-1.0,-1.0,-1.0
2016-03-30-11-54-43AM,1459310083898,1459310083882,2016-03-30-11-54-43AM,network,1.2951216,103.7740748,20.0,-1.0,-1.0,-1.0
2016-03-30-11-55-03AM,1459310103820,1459310103768,2016-03-30-11-55-03AM,network,1.2951238,103.7740766,20.0,-1.0,-1.0,-1.0
2016-03-30-11-55-23AM,1459310123819,1459310123782,2016-03-30-11-55-23AM,network,1.2951307,103.7740668,20.0,-1.0,-1.0,-1.0
2016-03-30-11-55-43AM,1459310143773,1459310143720,2016-03-30-11-55-43AM,network,1.2951248,103.7740683,20.0,-1.0,-1.0,-1.0
2016-03-30-11-56-03AM,1459310163855,1459310163778,2016-03-30-11-56-03AM,network,1.2951256,103.7740601,20.0,-1.0,-1.0,-1.0
2016-03-30-11-56-23AM,1459310183844,1459310183761,2016-03-30-11-56-23AM,network,1.2951272,103.7740615,20.0,-1.0,-1.0,-1.0
2016-03-30-11-56-43AM,1459310203908,1459310203871,2016-03-30-11-56-43AM,network,1.2951234,103.7740676,20.0,-1.0,-1.0,-1.0
2016-03-30-11-57-03AM,1459310223825,1459310223801,2016-03-30-11-57-03AM,network,1.295125,103.7740644,20.0,-1.0,-1.0,-1.0
2016-03-30-11-57-23AM,1459310243770,1459310243759,2016-03-30-11-57-23AM,network,1.2951224,103.7740674,20.0,-1.0,-1.0,-1.0
2016-03-30-11-57-43AM,1459310263928,1459310263896,2016-03-30-11-57-43AM,network,1.2951238,103.7740718,20.0,-1.0,-1.0,-1.0
2016-03-30-11-58-04AM,1459310284931,1459310284917,2016-03-30-11-58-04AM,network,1.2951311,103.7740679,20.0,-1.0,-1.0,-1.0
2016-03-30-11-58-24AM,1459310304902,1459310304888,2016-03-30-11-58-24AM,network,1.2951389,103.7740668,20.0,-1.0,-1.0,-1.0
2016-03-30-11-58-44AM,1459310324710,1459310324000,2016-03-30-11-58-44AM,gps,1.29508304,103.77404265,84.0,46.599998474121094,153.5,0.25
2016-03-30-11-59-04AM,1459310344959,1459310344918,2016-03-30-11-59-04AM,network,1.295119,103.774072,20.0,-1.0,-1.0,-1.0
2016-03-30-11-59-25AM,1459310365014,1459310364975,2016-03-30-11-59-24AM,network,1.2951213,103.7740705,20.0,-1.0,-1.0,-1.0
2016-03-30-11-59-44AM,1459310384940,1459310384918,2016-03-30-11-59-44AM,network,1.295124,103.7740697,20.0,-1.0,-1.0,-1.0
2016-03-30-12-00-05PM,1459310405003,1459310404974,2016-03-30-12-00-04PM,network,1.295124,103.7740688,20.0,-1.0,-1.0,-1.0
2016-03-30-12-00-24PM,1459310424957,1459310424943,2016-03-30-12-00-24PM,network,1.2951237,103.7740758,20.0,-1.0,-1.0,-1.0
2016-03-30-12-00-44PM,1459310444992,1459310444950,2016-03-30-12-00-44PM,network,1.2951224,103.7740745,20.0,-1.0,-1.0,-1.0
2016-03-30-12-01-05PM,1459310465035,1459310465017,2016-03-30-12-01-05PM,network,1.2951222,103.7740742,20.0,-1.0,-1.0,-1.0
2016-03-30-12-01-24PM,1459310484961,1459310484927,2016-03-30-12-01-24PM,network,1.2951298,103.7740771,20.0,-1.0,-1.0,-1.0
2016-03-30-12-01-44PM,1459310504993,1459310504973,2016-03-30-12-01-44PM,network,1.295115,103.7740655,20.0,-1.0,-1.0,-1.0
2016-03-30-12-02-06PM,1459310526095,1459310526075,2016-03-30-12-02-06PM,network,1.2951314,103.7740645,20.0,-1.0,-1.0,-1.0
2016-03-30-12-02-26PM,1459310546127,1459310546097,2016-03-30-12-02-26PM,network,1.2951134,103.7740646,20.0,-1.0,-1.0,-1.0
2016-03-30-12-02-46PM,1459310566118,1459310566097,2016-03-30-12-02-46PM,network,1.2951271,103.7740636,20.0,-1.0,-1.0,-1.0
2016-03-30-12-03-06PM,1459310586127,1459310586114,2016-03-30-12-03-06PM,network,1.2951301,103.7740718,20.0,-1.0,-1.0,-1.0
2016-03-30-12-03-26PM,1459310606184,1459310606156,2016-03-30-12-03-26PM,network,1.2951271,103.7740655,20.0,-1.0,-1.0,-1.0
2016-03-30-12-03-46PM,1459310626129,1459310626112,2016-03-30-12-03-46PM,network,1.2951462,103.7740697,20.0,-1.0,-1.0,-1.0
2016-03-30-12-04-06PM,1459310646177,1459310646122,2016-03-30-12-04-06PM,network,1.2951174,103.7740677,20.0,-1.0,-1.0,-1.0
2016-03-30-12-04-26PM,1459310666235,1459310666176,2016-03-30-12-04-26PM,network,1.2951434,103.7740626,20.0,-1.0,-1.0,-1.0
2016-03-30-12-04-46PM,1459310686290,1459310686245,2016-03-30-12-04-46PM,network,1.2951255,103.7740745,20.0,-1.0,-1.0,-1.0
2016-03-30-12-05-06PM,1459310706259,1459310706229,2016-03-30-12-05-06PM,network,1.2951195,103.7740653,20.0,-1.0,-1.0,-1.0
2016-03-30-12-05-26PM,1459310726244,1459310726232,2016-03-30-12-05-26PM,network,1.2951225,103.7740747,20.0,-1.0,-1.0,-1.0
2016-03-30-12-05-46PM,1459310746245,1459310746212,2016-03-30-12-05-46PM,network,1.2951276,103.7740714,20.0,-1.0,-1.0,-1.0
2016-03-30-12-06-07PM,1459310767454,1459310767421,2016-03-30-12-06-07PM,network,1.2951191,103.7740677,20.0,-1.0,-1.0,-1.0
2016-03-30-12-06-27PM,1459310787257,1459310787235,2016-03-30-12-06-27PM,network,1.2951226,103.7740695,20.0,-1.0,-1.0,-1.0
2016-03-30-12-06-47PM,1459310807232,1459310807212,2016-03-30-12-06-47PM,network,1.295128,103.7740677,20.0,-1.0,-1.0,-1.0
2016-03-30-12-07-07PM,1459310827299,1459310827285,2016-03-30-12-07-07PM,network,1.2951436,103.7740726,20.0,-1.0,-1.0,-1.0
2016-03-30-12-07-27PM,1459310847422,1459310847382,2016-03-30-12-07-27PM,network,1.2951202,103.7740676,20.0,-1.0,-1.0,-1.0
