2016-03-30-9-53-21AM,1459302801431,5.000305,3
2016-03-30-9-54-37AM,1459302877576,0.0,3
2016-03-30-9-54-43AM,1459302883099,5.000305,3
2016-03-30-9-54-48AM,1459302888745,0.0,3
2016-03-30-9-54-50AM,1459302890215,5.000305,3
2016-03-30-9-56-42AM,1459303002858,0.0,3
2016-03-30-9-56-43AM,1459303003695,5.000305,3
2016-03-30-9-56-47AM,1459303007628,5.000305,3
2016-03-30-9-56-48AM,1459303008553,0.0,3
2016-03-30-9-56-48AM,1459303008961,5.000305,3
2016-03-30-9-57-26AM,1459303046845,0.0,3
2016-03-30-9-57-27AM,1459303047758,5.000305,3
2016-03-30-9-57-31AM,1459303051285,0.0,3
2016-03-30-9-57-33AM,1459303053653,5.000305,3
2016-03-30-9-59-02AM,1459303142928,0.0,3
2016-03-30-9-59-04AM,1459303144955,5.000305,3
2016-03-30-10-11-48AM,1459303908032,0.0,3
2016-03-30-10-11-48AM,1459303908628,5.000305,3
2016-03-30-10-29-44AM,1459304984200,0.0,3
2016-03-30-10-29-44AM,1459304984202,5.000305,3
2016-03-30-10-30-03AM,1459305003151,0.0,3
2016-03-30-10-30-04AM,1459305004287,5.000305,3
2016-03-30-10-36-24AM,1459305384655,0.0,3
2016-03-30-10-36-24AM,1459305384826,5.000305,3
2016-03-30-10-36-55AM,1459305415777,0.0,3
2016-03-30-10-36-56AM,1459305416220,5.000305,3
2016-03-30-11-04-10AM,1459307050090,0.0,3
2016-03-30-11-04-12AM,1459307052328,5.000305,3
2016-03-30-11-04-12AM,1459307052351,0.0,3
2016-03-30-11-04-13AM,1459307053681,5.000305,3
2016-03-30-11-04-14AM,1459307054908,0.0,3
2016-03-30-11-04-15AM,1459307055523,5.000305,3
2016-03-30-11-06-06AM,1459307166041,0.0,3
2016-03-30-11-06-06AM,1459307166312,5.000305,3
2016-03-30-11-06-11AM,1459307171982,0.0,3
2016-03-30-11-06-12AM,1459307172799,5.000305,3
2016-03-30-11-06-13AM,1459307173411,0.0,3
2016-03-30-11-06-17AM,1459307177692,5.000305,3
2016-03-30-11-08-22AM,1459307302329,0.0,3
2016-03-30-11-08-22AM,1459307302353,5.000305,3
2016-03-30-11-09-15AM,1459307355792,0.0,3
2016-03-30-11-09-16AM,1459307356394,5.000305,3
2016-03-30-11-09-33AM,1459307373415,0.0,3
2016-03-30-11-09-35AM,1459307375226,5.000305,3
2016-03-30-11-28-10AM,1459308490711,5.000305,3
2016-03-30-11-28-32AM,1459308512991,0.0,3
2016-03-30-11-28-34AM,1459308514766,5.000305,3
2016-03-30-11-30-51AM,1459308651113,0.0,3
2016-03-30-11-30-51AM,1459308651116,5.000305,3
2016-03-30-11-30-52AM,1459308652931,5.000305,3
2016-03-30-11-37-52AM,1459309072126,0.0,3
2016-03-30-11-37-53AM,1459309073328,5.000305,3
2016-03-30-11-38-11AM,1459309091793,0.0,3
2016-03-30-11-38-11AM,1459309091811,5.000305,3
2016-03-30-11-39-12AM,1459309152684,0.0,3
2016-03-30-11-39-12AM,1459309152687,5.000305,3
2016-03-30-11-52-52AM,1459309972245,0.0,3
2016-03-30-11-52-52AM,1459309972695,5.000305,3
2016-03-30-11-54-18AM,1459310058939,0.0,3
2016-03-30-11-54-19AM,1459310059945,5.000305,3
