2016-03-24-3-56-46pm,1458806206096,1458806206000,2016-03-24-3-56-46pm,gps,1.29434169,103.77364277,11.0,67.69999694824219,-1.0,0.0
2016-03-24-3-56-59pm,1458806219162,1458806219000,2016-03-24-3-56-59pm,gps,1.29434877,103.77372722,13.0,59.79999923706055,-1.0,0.0
2016-03-24-3-57-17pm,1458806237875,1458806237649,2016-03-24-3-57-17pm,network,1.294457,103.7737151,66.265,-1.0,-1.0,-1.0
2016-03-24-3-57-37pm,1458806257862,1458806257795,2016-03-24-3-57-37pm,network,1.2944396,103.7737412,66.452,-1.0,-1.0,-1.0
2016-03-24-3-57-48pm,1458806268125,1458806267408,2016-03-24-3-57-47pm,gps,1.29433625,103.77372672,8.0,56.900001525878906,-1.0,0.0
2016-03-24-3-57-58pm,1458806278133,1458806277488,2016-03-24-3-57-57pm,gps,1.29433161,103.77372751,7.0,53.29999923706055,-1.0,0.0
2016-03-24-3-58-08pm,1458806288110,1458806287468,2016-03-24-3-58-07pm,gps,1.2943636,103.77370199,6.0,59.29999923706055,-1.0,0.0
2016-03-24-3-58-18pm,1458806298056,1458806297428,2016-03-24-3-58-17pm,gps,1.29433229,103.77371676,7.0,57.79999923706055,113.7,0.5
2016-03-24-3-58-28pm,1458806308194,1458806307468,2016-03-24-3-58-27pm,gps,1.29435833,103.77369681,6.0,62.5,-1.0,0.0
2016-03-24-3-58-38pm,1458806318095,1458806317448,2016-03-24-3-58-37pm,gps,1.29434524,103.77370024,5.0,63.70000076293945,-1.0,0.0
2016-03-24-3-58-48pm,1458806328146,1458806327468,2016-03-24-3-58-47pm,gps,1.29436068,103.77369477,4.0,68.9000015258789,-1.0,0.0
2016-03-24-3-58-58pm,1458806338117,1458806337488,2016-03-24-3-58-57pm,gps,1.29436478,103.77369195,4.0,70.30000305175781,-1.0,0.0
2016-03-24-3-59-09pm,1458806349150,1458806349000,2016-03-24-3-59-09pm,gps,1.29435437,103.77370861,16.0,72.0999984741211,-1.0,0.0
2016-03-24-3-59-18pm,1458806358868,1458806358829,2016-03-24-3-59-18pm,network,1.2945335,103.7736845,25.383,-1.0,-1.0,-1.0
2016-03-24-3-59-38pm,1458806378044,1458806377408,2016-03-24-3-59-37pm,gps,1.29438183,103.77368018,9.0,78.9000015258789,-1.0,0.0
2016-03-24-3-59-48pm,1458806388104,1458806387468,2016-03-24-3-59-47pm,gps,1.29438884,103.77367306,5.0,83.0,-1.0,0.0
2016-03-24-3-59-58pm,1458806398157,1458806397488,2016-03-24-3-59-57pm,gps,1.29438773,103.77367257,6.0,83.0,-1.0,0.0
2016-03-24-4-00-08pm,1458806408197,1458806407448,2016-03-24-4-00-07pm,gps,1.29438778,103.77367348,7.0,82.80000305175781,-1.0,0.0
2016-03-24-4-00-18pm,1458806418121,1458806417488,2016-03-24-4-00-17pm,gps,1.29438822,103.77367344,8.0,83.69999694824219,-1.0,0.0
2016-03-24-4-00-28pm,1458806428140,1458806427448,2016-03-24-4-00-27pm,gps,1.29438966,103.77367193,6.0,84.19999694824219,-1.0,0.0
2016-03-24-4-00-38pm,1458806438112,1458806437468,2016-03-24-4-00-37pm,gps,1.29438904,103.77367435,9.0,84.9000015258789,-1.0,0.0
2016-03-24-4-00-48pm,1458806448115,1458806447468,2016-03-24-4-00-47pm,gps,1.29436704,103.77369533,6.0,72.69999694824219,-1.0,0.0
2016-03-24-4-00-58pm,1458806458181,1458806457448,2016-03-24-4-00-57pm,gps,1.29435067,103.77371058,5.0,65.80000305175781,-1.0,0.0
2016-03-24-4-01-08pm,1458806468303,1458806467588,2016-03-24-4-01-07pm,gps,1.29435023,103.77371141,4.0,65.5,-1.0,0.0
2016-03-24-4-01-18pm,1458806478892,1458806478848,2016-03-24-4-01-18pm,network,1.2944875,103.7737361,31.782,-1.0,-1.0,-1.0
2016-03-24-4-01-28pm,1458806488499,1458806487468,2016-03-24-4-01-27pm,gps,1.29455592,103.7734659,6.0,59.0,322.5,3.75
2016-03-24-4-01-48pm,1458806508070,1458806507428,2016-03-24-4-01-47pm,gps,1.29451646,103.77279914,5.0,53.099998474121094,246.4,3.25
2016-03-24-4-01-58pm,1458806518131,1458806517468,2016-03-24-4-01-57pm,gps,1.29418549,103.77262485,5.0,54.5,230.6,2.5
2016-03-24-4-02-08pm,1458806528207,1458806527468,2016-03-24-4-02-07pm,gps,1.29407682,103.77251708,4.0,58.79999923706055,231.8,2.0
2016-03-24-4-02-18pm,1458806538800,1458806538706,2016-03-24-4-02-18pm,network,1.2945195,103.7737232,28.992,-1.0,-1.0,-1.0
2016-03-24-4-02-28pm,1458806548455,1458806547428,2016-03-24-4-02-27pm,gps,1.29343548,103.77222228,5.0,49.79999923706055,190.0,2.5
2016-03-24-4-02-38pm,1458806558817,1458806558757,2016-03-24-4-02-38pm,network,1.2945163,103.7737151,28.012,-1.0,-1.0,-1.0
2016-03-24-4-02-48pm,1458806568235,1458806567588,2016-03-24-4-02-47pm,gps,1.29331637,103.77276238,8.0,50.0,102.2,6.75
2016-03-24-4-02-59pm,1458806579092,1458806578749,2016-03-24-4-02-58pm,network,1.2928603,103.7732158,117.0,-1.0,-1.0,-1.0
2016-03-24-4-03-09pm,1458806589151,1458806589000,2016-03-24-4-03-09pm,gps,1.29226195,103.77380608,9.0,39.599998474121094,113.6,3.25
2016-03-24-4-03-18pm,1458806598817,1458806598760,2016-03-24-4-03-18pm,network,1.2928603,103.7732158,117.0,-1.0,-1.0,-1.0
2016-03-24-4-03-39pm,1458806619122,1458806619000,2016-03-24-4-03-39pm,gps,1.29316981,103.77509868,10.0,42.5,346.8,2.75
2016-03-24-4-03-45pm,1458806625511,1458806618779,2016-03-24-4-03-38pm,network,1.2928595,103.7751177,33.779,-1.0,-1.0,-1.0
2016-03-24-4-03-58pm,1458806638842,1458806638798,2016-03-24-4-03-58pm,network,1.2928583,103.7751162,33.809,-1.0,-1.0,-1.0
2016-03-24-4-04-09pm,1458806649160,1458806649000,2016-03-24-4-04-09pm,gps,1.29308259,103.77506717,13.0,44.0,186.0,0.25
2016-03-24-4-04-18pm,1458806658892,1458806658830,2016-03-24-4-04-18pm,network,1.2928583,103.7751162,33.809,-1.0,-1.0,-1.0
2016-03-24-4-04-38pm,1458806678935,1458806678874,2016-03-24-4-04-38pm,network,1.2928583,103.7751162,33.809,-1.0,-1.0,-1.0
2016-03-24-4-04-58pm,1458806698169,1458806697488,2016-03-24-4-04-57pm,gps,1.2933387,103.77761338,7.0,42.70000076293945,124.3,9.5
2016-03-24-4-05-08pm,1458806708194,1458806707468,2016-03-24-4-05-07pm,gps,1.29295986,103.77849132,8.0,48.099998474121094,109.3,10.25
2016-03-24-4-05-18pm,1458806718155,1458806717468,2016-03-24-4-05-17pm,gps,1.29272656,103.77939297,5.0,47.20000076293945,122.6,9.25
2016-03-24-4-05-28pm,1458806728442,1458806727448,2016-03-24-4-05-27pm,gps,1.29232077,103.77995714,9.0,42.099998474121094,121.9,7.25
2016-03-24-4-05-39pm,1458806739210,1458806739000,2016-03-24-4-05-39pm,gps,1.2919911,103.78030502,8.0,42.79999923706055,133.7,2.5
2016-03-24-4-05-58pm,1458806758143,1458806757468,2016-03-24-4-05-57pm,gps,1.29187796,103.78053675,7.0,43.5,139.0,0.5
2016-03-24-4-06-08pm,1458806768301,1458806767568,2016-03-24-4-06-07pm,gps,1.29189707,103.7804862,9.0,40.79999923706055,-1.0,0.0
2016-03-24-4-06-28pm,1458806788448,1458806787468,2016-03-24-4-06-27pm,gps,1.29189913,103.78053885,5.0,42.0,-1.0,0.0
2016-03-24-4-06-48pm,1458806808204,1458806807468,2016-03-24-4-06-47pm,gps,1.29188287,103.78042946,7.0,41.400001525878906,326.1,0.5
2016-03-24-4-06-58pm,1458806818156,1458806817448,2016-03-24-4-06-57pm,gps,1.29185734,103.78038934,7.0,43.29999923706055,248.6,0.75
2016-03-24-4-07-17pm,1458806837218,1458806836448,2016-03-24-4-07-16pm,gps,1.2918806,103.78027022,4.0,43.29999923706055,-1.0,0.0
2016-03-24-4-07-27pm,1458806847275,1458806846448,2016-03-24-4-07-26pm,gps,1.29186875,103.78028697,3.0,47.70000076293945,-1.0,0.0
2016-03-24-4-07-37pm,1458806857270,1458806856448,2016-03-24-4-07-36pm,gps,1.29153525,103.78044112,4.0,49.29999923706055,150.2,6.5
2016-03-24-4-07-47pm,1458806867252,1458806866448,2016-03-24-4-07-46pm,gps,1.29119907,103.78107179,3.0,53.70000076293945,83.9,9.25
2016-03-24-4-07-57pm,1458806877258,1458806876448,2016-03-24-4-07-56pm,gps,1.29141642,103.7819545,9.0,50.099998474121094,65.3,8.75
2016-03-24-4-08-07pm,1458806887428,1458806886448,2016-03-24-4-08-06pm,gps,1.29172412,103.78259673,9.0,49.29999923706055,63.9,5.75
2016-03-24-4-08-18pm,1458806898200,1458806898000,2016-03-24-4-08-18pm,gps,1.29190812,103.78294031,10.0,58.599998474121094,70.7,0.75
2016-03-24-4-08-37pm,1458806917483,1458806916448,2016-03-24-4-08-36pm,gps,1.29193186,103.78316854,3.0,71.5999984741211,111.0,4.0
2016-03-24-4-08-54pm,1458806934686,1458806918889,2016-03-24-4-08-38pm,network,1.2912777,103.7813029,110.57,-1.0,-1.0,-1.0
2016-03-24-4-09-07pm,1458806947261,1458806946448,2016-03-24-4-09-06pm,gps,1.29193392,103.78336854,3.0,65.4000015258789,-1.0,0.0
2016-03-24-4-09-17pm,1458806957295,1458806956448,2016-03-24-4-09-16pm,gps,1.29193592,103.78355456,6.0,64.5999984741211,68.4,5.5
2016-03-24-4-09-27pm,1458806967232,1458806966448,2016-03-24-4-09-26pm,gps,1.29229537,103.78408562,4.0,64.19999694824219,45.4,8.75
2016-03-24-4-09-38pm,1458806978212,1458806978000,2016-03-24-4-09-38pm,gps,1.29288818,103.78470676,10.0,61.400001525878906,42.7,6.0
2016-03-24-4-09-59pm,1458806999188,1458806999000,2016-03-24-4-09-59pm,gps,1.29297372,103.7847779,10.0,61.5,-1.0,0.0
2016-03-24-4-10-17pm,1458807017286,1458807016468,2016-03-24-4-10-16pm,gps,1.29296449,103.78480914,4.0,60.29999923706055,33.4,0.5
2016-03-24-4-10-27pm,1458807027227,1458807026468,2016-03-24-4-10-26pm,gps,1.29328995,103.78503718,4.0,57.20000076293945,17.6,5.75
2016-03-24-4-10-37pm,1458807037325,1458807036468,2016-03-24-4-10-36pm,gps,1.29403123,103.78491728,4.0,54.599998474121094,353.9,5.5
2016-03-24-4-10-47pm,1458807047472,1458807046468,2016-03-24-4-10-46pm,gps,1.29462494,103.78457543,4.0,45.20000076293945,318.0,7.5
2016-03-24-4-10-58pm,1458807058954,1458807058893,2016-03-24-4-10-58pm,network,1.2930249,103.784884,30.0,-1.0,-1.0,-1.0
2016-03-24-4-11-07pm,1458807067480,1458807066468,2016-03-24-4-11-06pm,gps,1.2948365,103.78443757,9.0,44.0,-1.0,0.0
2016-03-24-4-11-19pm,1458807079102,1458807079054,2016-03-24-4-11-19pm,network,1.2929977,103.7848657,36.0,-1.0,-1.0,-1.0
2016-03-24-4-11-27pm,1458807087230,1458807086468,2016-03-24-4-11-26pm,gps,1.29486314,103.78441427,9.0,41.79999923706055,327.5,2.75
2016-03-24-4-11-38pm,1458807098234,1458807098000,2016-03-24-4-11-38pm,gps,1.29526043,103.78418058,12.0,39.5,328.7,4.75
2016-03-24-4-11-48pm,1458807108234,1458807108000,2016-03-24-4-11-48pm,gps,1.29603272,103.78377184,12.0,38.0,328.9,9.5
2016-03-24-4-11-59pm,1458807119243,1458807119000,2016-03-24-4-11-59pm,gps,1.29671871,103.7831765,18.0,37.79999923706055,311.5,8.0
2016-03-24-4-12-09pm,1458807129200,1458807129000,2016-03-24-4-12-09pm,gps,1.29689761,103.78284535,18.0,37.20000076293945,295.8,7.0
2016-03-24-4-12-32pm,1458807152170,1458807152000,2016-03-24-4-12-32pm,gps,1.29752347,103.78141789,35.0,35.599998474121094,280.4,5.25
2016-03-24-4-13-04pm,1458807184631,1458807180235,2016-03-24-4-13-00pm,network,1.2973954,103.78069,36.0,-1.0,-1.0,-1.0
2016-03-24-4-13-12pm,1458807192208,1458807192000,2016-03-24-4-13-12pm,gps,1.2974524,103.78054587,57.0,34.599998474121094,267.6,1.75
2016-03-24-4-13-36pm,1458807216202,1458807216000,2016-03-24-4-13-36pm,gps,1.29714931,103.77945731,43.0,37.900001525878906,267.4,6.0
2016-03-24-4-13-55pm,1458807235199,1458807235000,2016-03-24-4-13-55pm,gps,1.29711677,103.77868226,41.0,37.400001525878906,309.5,0.5
2016-03-24-4-14-02pm,1458807242229,1458807240199,2016-03-24-4-14-00pm,network,1.2973597,103.7800434,111.711,-1.0,-1.0,-1.0
2016-03-24-4-14-09pm,1458807249177,1458807249000,2016-03-24-4-14-09pm,gps,1.29712237,103.77871408,16.0,38.20000076293945,-1.0,0.0
2016-03-24-4-14-20pm,1458807260378,1458807260303,2016-03-24-4-14-20pm,network,1.2973624,103.7800564,112.836,-1.0,-1.0,-1.0
2016-03-24-4-14-27pm,1458807267654,1458807266968,2016-03-24-4-14-26pm,gps,1.29801921,103.77701446,9.0,33.29999923706055,307.8,11.0
2016-03-24-4-14-37pm,1458807277772,1458807276888,2016-03-24-4-14-36pm,gps,1.29883928,103.77642043,7.0,33.29999923706055,320.4,10.75
2016-03-24-4-14-47pm,1458807287612,1458807286868,2016-03-24-4-14-46pm,gps,1.29885178,103.77600389,6.0,28.200000762939453,269.4,4.0
2016-03-24-4-14-57pm,1458807297534,1458807296788,2016-03-24-4-14-56pm,gps,1.29882529,103.77571774,6.0,27.5,274.4,0.75
2016-03-24-4-15-05pm,1458807305218,1458807300523,2016-03-24-4-15-00pm,network,1.2987729,103.7759936,47.025,-1.0,-1.0,-1.0
2016-03-24-4-15-17pm,1458807317629,1458807316888,2016-03-24-4-15-16pm,gps,1.29882061,103.7757505,3.0,29.299999237060547,-1.0,0.0
2016-03-24-4-15-27pm,1458807327576,1458807326848,2016-03-24-4-15-26pm,gps,1.29880633,103.7757528,4.0,29.5,284.3,4.25
2016-03-24-4-15-37pm,1458807337625,1458807336848,2016-03-24-4-15-36pm,gps,1.29909506,103.77509686,9.0,31.0,299.5,7.25
2016-03-24-4-15-47pm,1458807347596,1458807346848,2016-03-24-4-15-46pm,gps,1.29898133,103.77437233,8.0,36.20000076293945,232.2,6.25
2016-03-24-4-15-57pm,1458807357647,1458807356888,2016-03-24-4-15-56pm,gps,1.29900585,103.77435842,5.0,38.79999923706055,199.9,0.5
2016-03-24-4-16-07pm,1458807367717,1458807366908,2016-03-24-4-16-06pm,gps,1.29900484,103.77436793,8.0,41.70000076293945,-1.0,0.0
2016-03-24-4-16-21pm,1458807381210,1458807381000,2016-03-24-4-16-21pm,gps,1.29848816,103.77388692,22.0,44.20000076293945,233.7,7.25
2016-03-24-4-16-43pm,1458807403182,1458807403000,2016-03-24-4-16-43pm,gps,1.297303,103.77265587,42.0,42.29999923706055,210.2,7.25
2016-03-24-4-16-58pm,1458807418228,1458807418000,2016-03-24-4-16-58pm,gps,1.29672224,103.77266272,14.0,43.599998474121094,221.7,1.0
2016-03-24-4-17-08pm,1458807428230,1458807428000,2016-03-24-4-17-08pm,gps,1.29668178,103.77264873,9.0,43.20000076293945,-1.0,0.0
2016-03-24-4-17-20pm,1458807440984,1458807440530,2016-03-24-4-17-20pm,network,1.2968343,103.772304,50.201,-1.0,-1.0,-1.0
2016-03-24-4-17-28pm,1458807448208,1458807448000,2016-03-24-4-17-28pm,gps,1.29669515,103.77258991,13.0,44.29999923706055,-1.0,0.0
2016-03-24-4-17-39pm,1458807459196,1458807459000,2016-03-24-4-17-39pm,gps,1.29650205,103.77220245,15.0,44.400001525878906,245.7,7.5
2016-03-24-4-17-58pm,1458807478201,1458807478000,2016-03-24-4-17-58pm,gps,1.29642418,103.77166234,13.0,43.900001525878906,253.6,0.25
2016-03-24-4-18-09pm,1458807489196,1458807489000,2016-03-24-4-18-09pm,gps,1.29584987,103.77135525,12.0,38.900001525878906,195.6,6.0
2016-03-24-4-18-20pm,1458807500532,1458807500491,2016-03-24-4-18-20pm,network,1.2967678,103.7721239,57.0,-1.0,-1.0,-1.0
2016-03-24-4-18-28pm,1458807508204,1458807508000,2016-03-24-4-18-28pm,gps,1.29487047,103.77102001,14.0,29.600000381469727,176.1,5.5
2016-03-24-4-18-38pm,1458807518191,1458807518000,2016-03-24-4-18-38pm,gps,1.29490008,103.7709497,13.0,30.700000762939453,-1.0,0.0
2016-03-24-4-18-48pm,1458807528245,1458807528000,2016-03-24-4-18-48pm,gps,1.29458933,103.77081316,15.0,31.5,181.7,3.0
2016-03-24-4-18-58pm,1458807538215,1458807538000,2016-03-24-4-18-58pm,gps,1.29388493,103.77123309,13.0,30.899999618530273,129.5,11.25
2016-03-24-4-19-08pm,1458807548206,1458807548000,2016-03-24-4-19-08pm,gps,1.29324194,103.77204964,13.0,31.600000381469727,122.5,11.75
2016-03-24-4-19-28pm,1458807568247,1458807568000,2016-03-24-4-19-28pm,gps,1.29351908,103.77210507,12.0,33.900001525878906,47.6,2.5
2016-03-24-4-19-40pm,1458807580575,1458807580496,2016-03-24-4-19-40pm,network,1.2938534,103.7714993,40.5,-1.0,-1.0,-1.0
2016-03-24-4-19-49pm,1458807589198,1458807589000,2016-03-24-4-19-49pm,gps,1.29400598,103.77202726,19.0,44.5,33.0,4.0
2016-03-24-4-20-07pm,1458807607720,1458807606888,2016-03-24-4-20-06pm,gps,1.29435897,103.77241912,7.0,48.29999923706055,32.0,3.0
2016-03-24-4-20-20pm,1458807620244,1458807620000,2016-03-24-4-20-20pm,gps,1.29491907,103.77286593,16.0,48.5,25.5,6.0
2016-03-24-4-20-37pm,1458807637733,1458807636928,2016-03-24-4-20-36pm,gps,1.29514051,103.7736027,5.0,49.099998474121094,84.8,3.5
2016-03-24-4-20-48pm,1458807648209,1458807648000,2016-03-24-4-20-48pm,gps,1.2946757,103.77391571,12.0,46.099998474121094,162.5,4.25
2016-03-24-4-21-00pm,1458807660528,1458807660480,2016-03-24-4-21-00pm,network,1.2944889,103.7737208,105.932,-1.0,-1.0,-1.0
2016-03-24-4-21-08pm,1458807668242,1458807668000,2016-03-24-4-21-08pm,gps,1.29446085,103.77383405,13.0,48.0,218.6,0.25
2016-03-24-4-21-18pm,1458807678211,1458807678000,2016-03-24-4-21-18pm,gps,1.294355,103.77362221,10.0,44.400001525878906,270.9,3.25
2016-03-24-4-21-37pm,1458807697743,1458807696928,2016-03-24-4-21-36pm,gps,1.29446784,103.77310431,5.0,40.0,264.7,3.5
2016-03-24-4-21-57pm,1458807717174,1458807716388,2016-03-24-4-21-56pm,gps,1.29418871,103.7726956,4.0,57.20000076293945,238.4,1.75
2016-03-24-4-22-07pm,1458807727468,1458807726388,2016-03-24-4-22-06pm,gps,1.29406023,103.77252093,4.0,52.79999923706055,228.7,4.25
2016-03-24-4-22-20pm,1458807740627,1458807740585,2016-03-24-4-22-20pm,network,1.2945644,103.7736374,30.0,-1.0,-1.0,-1.0
2016-03-24-4-22-27pm,1458807747158,1458807746388,2016-03-24-4-22-26pm,gps,1.29359264,103.77222426,5.0,49.900001525878906,168.8,1.0
2016-03-24-4-22-37pm,1458807757441,1458807756388,2016-03-24-4-22-36pm,gps,1.29346593,103.77225825,5.0,48.70000076293945,148.3,2.75
2016-03-24-4-22-57pm,1458807777221,1458807776388,2016-03-24-4-22-56pm,gps,1.29277025,103.77337794,9.0,46.400001525878906,134.2,9.0
2016-03-24-4-23-08pm,1458807788218,1458807788000,2016-03-24-4-23-08pm,gps,1.29237607,103.77378714,11.0,44.70000076293945,119.6,3.0
2016-03-24-4-23-18pm,1458807798239,1458807798000,2016-03-24-4-23-18pm,gps,1.29226953,103.77414041,11.0,42.599998474121094,100.3,4.25
2016-03-24-4-23-26pm,1458807806662,1458807803829,2016-03-24-4-23-23pm,network,1.2921091,103.7737757,51.749,-1.0,-1.0,-1.0
2016-03-24-4-23-38pm,1458807818222,1458807818000,2016-03-24-4-23-38pm,gps,1.29275965,103.77486451,12.0,48.400001525878906,35.5,7.75
2016-03-24-4-23-48pm,1458807828248,1458807828000,2016-03-24-4-23-48pm,gps,1.29314894,103.77503993,13.0,47.20000076293945,30.9,4.0
2016-03-24-4-23-59pm,1458807839264,1458807839000,2016-03-24-4-23-59pm,gps,1.29328072,103.77514929,24.0,42.70000076293945,89.0,0.75
2016-03-24-4-24-09pm,1458807849223,1458807849000,2016-03-24-4-24-09pm,gps,1.29324977,103.77527669,15.0,41.29999923706055,106.8,1.25
2016-03-24-4-24-20pm,1458807860572,1458807860517,2016-03-24-4-24-20pm,network,1.2928891,103.7751396,30.0,-1.0,-1.0,-1.0
2016-03-24-4-24-29pm,1458807869246,1458807869000,2016-03-24-4-24-29pm,gps,1.29309728,103.77526688,22.0,45.900001525878906,190.0,1.0
2016-03-24-4-24-40pm,1458807880756,1458807880698,2016-03-24-4-24-40pm,network,1.2928891,103.7751396,30.0,-1.0,-1.0,-1.0
2016-03-24-4-25-00pm,1458807900784,1458807900761,2016-03-24-4-25-00pm,network,1.292877,103.7751499,30.0,-1.0,-1.0,-1.0
2016-03-24-4-25-15pm,1458807915244,1458807915000,2016-03-24-4-25-15pm,gps,1.29301662,103.77485358,31.0,48.79999923706055,173.2,0.25
2016-03-24-4-25-20pm,1458807920734,1458807920689,2016-03-24-4-25-20pm,network,1.2928788,103.7751686,34.882,-1.0,-1.0,-1.0
2016-03-24-4-25-33pm,1458807933235,1458807933000,2016-03-24-4-25-33pm,gps,1.29311721,103.77472275,10.0,67.0999984741211,-1.0,0.0
2016-03-24-4-25-40pm,1458807940652,1458807940609,2016-03-24-4-25-40pm,network,1.2928705,103.7751106,32.569,-1.0,-1.0,-1.0
2016-03-24-4-25-52pm,1458807952703,1458807951868,2016-03-24-4-25-51pm,gps,1.29310386,103.77475298,7.0,67.19999694824219,-1.0,0.0
2016-03-24-4-26-00pm,1458807960665,1458807960633,2016-03-24-4-26-00pm,network,1.2928705,103.7751106,32.569,-1.0,-1.0,-1.0
2016-03-24-4-26-14pm,1458807974234,1458807974000,2016-03-24-4-26-14pm,gps,1.29310639,103.77468208,16.0,77.0999984741211,-1.0,0.0
2016-03-24-4-26-20pm,1458807980730,1458807980690,2016-03-24-4-26-20pm,network,1.2928705,103.7751106,32.569,-1.0,-1.0,-1.0
2016-03-24-4-26-32pm,1458807992678,1458807991848,2016-03-24-4-26-31pm,gps,1.29309145,103.77467629,8.0,79.4000015258789,-1.0,0.0
2016-03-24-4-26-42pm,1458808002725,1458808001888,2016-03-24-4-26-41pm,gps,1.29309458,103.77466282,9.0,80.69999694824219,-1.0,0.0
2016-03-24-4-26-53pm,1458808013243,1458808013000,2016-03-24-4-26-53pm,gps,1.29308893,103.77465872,12.0,80.80000305175781,-1.0,0.0
2016-03-24-4-27-00pm,1458808020679,1458808020644,2016-03-24-4-27-00pm,network,1.2931133,103.7748924,31.0,-1.0,-1.0,-1.0
2016-03-24-4-27-12pm,1458808032800,1458808031888,2016-03-24-4-27-11pm,gps,1.29308395,103.7746868,7.0,85.69999694824219,-1.0,0.0
2016-03-24-4-27-20pm,1458808040697,1458808040654,2016-03-24-4-27-20pm,network,1.2931513,103.775018,30.0,-1.0,-1.0,-1.0
2016-03-24-4-27-32pm,1458808052696,1458808051848,2016-03-24-4-27-31pm,gps,1.29309442,103.77475255,5.0,94.0999984741211,-1.0,0.0
2016-03-24-4-27-40pm,1458808060712,1458808060663,2016-03-24-4-27-40pm,network,1.2929077,103.7751229,30.0,-1.0,-1.0,-1.0
2016-03-24-4-27-52pm,1458808072773,1458808071888,2016-03-24-4-27-51pm,gps,1.29228364,103.77429797,6.0,66.0,252.8,4.25
2016-03-24-4-28-01pm,1458808081030,1458808080662,2016-03-24-4-28-00pm,network,1.2931135,103.7745386,144.833,-1.0,-1.0,-1.0
2016-03-24-4-28-12pm,1458808092652,1458808091848,2016-03-24-4-28-11pm,gps,1.29240031,103.77348683,7.0,71.5999984741211,310.5,5.75
2016-03-24-4-28-20pm,1458808100837,1458808100800,2016-03-24-4-28-20pm,network,1.2930971,103.774406,137.823,-1.0,-1.0,-1.0
2016-03-24-4-28-40pm,1458808120951,1458808120898,2016-03-24-4-28-40pm,network,1.2930987,103.7744053,137.929,-1.0,-1.0,-1.0
2016-03-24-4-28-52pm,1458808132439,1458808131388,2016-03-24-4-28-51pm,gps,1.29330658,103.77249756,3.0,42.20000076293945,289.3,0.5
2016-03-24-4-29-01pm,1458808141038,1458808140992,2016-03-24-4-29-00pm,network,1.2920431,103.7736834,120.584,-1.0,-1.0,-1.0
2016-03-24-4-29-20pm,1458808160952,1458808160878,2016-03-24-4-29-20pm,network,1.2932347,103.7725632,90.0,-1.0,-1.0,-1.0
2016-03-24-4-29-42pm,1458808182236,1458808181388,2016-03-24-4-29-41pm,gps,1.294384,103.77275779,9.0,42.599998474121094,31.0,7.75
2016-03-24-4-29-52pm,1458808192434,1458808191388,2016-03-24-4-29-51pm,gps,1.29494977,103.77312669,9.0,45.099998474121094,70.8,6.75
2016-03-24-4-30-02pm,1458808202476,1458808201388,2016-03-24-4-30-01pm,gps,1.29476999,103.77362194,9.0,44.20000076293945,137.7,6.0
2016-03-24-4-30-20pm,1458808220342,1458808201143,2016-03-24-4-30-01pm,network,1.2946331,103.7735756,23.995,-1.0,-1.0,-1.0
2016-03-24-4-30-32pm,1458808232763,1458808231888,2016-03-24-4-30-31pm,gps,1.29430981,103.77375543,9.0,44.29999923706055,229.2,3.0
2016-03-24-4-30-41pm,1458808241222,1458808241145,2016-03-24-4-30-41pm,network,1.2946484,103.7735736,25.649,-1.0,-1.0,-1.0
2016-03-24-4-30-52pm,1458808252758,1458808251848,2016-03-24-4-30-51pm,gps,1.29457343,103.77296928,7.0,39.20000076293945,274.3,4.5
2016-03-24-4-31-00pm,1458808260976,1458808260927,2016-03-24-4-31-00pm,network,1.2946146,103.7735844,94.903,-1.0,-1.0,-1.0
2016-03-24-4-31-12pm,1458808272319,1458808271388,2016-03-24-4-31-11pm,gps,1.29402111,103.77241327,3.0,47.099998474121094,230.6,6.25
2016-03-24-4-31-21pm,1458808281090,1458808281009,2016-03-24-4-31-21pm,network,1.2946284,103.7735562,92.654,-1.0,-1.0,-1.0
2016-03-24-4-31-32pm,1458808292754,1458808291868,2016-03-24-4-31-31pm,gps,1.2935779,103.77213197,8.0,38.900001525878906,218.5,0.25
2016-03-24-4-31-41pm,1458808301044,1458808301007,2016-03-24-4-31-41pm,network,1.2946315,103.7735179,89.286,-1.0,-1.0,-1.0
2016-03-24-4-32-02pm,1458808322763,1458808321888,2016-03-24-4-32-01pm,gps,1.29539878,103.77050095,8.0,40.0,355.8,10.5
2016-03-24-4-32-12pm,1458808332676,1458808331868,2016-03-24-4-32-11pm,gps,1.29539022,103.77060097,6.0,42.20000076293945,18.7,0.5
2016-03-24-4-32-22pm,1458808342753,1458808341868,2016-03-24-4-32-21pm,gps,1.29557775,103.77074857,8.0,39.900001525878906,35.9,3.25
2016-03-24-4-32-32pm,1458808352777,1458808351888,2016-03-24-4-32-31pm,gps,1.29644378,103.77093802,6.0,38.79999923706055,5.8,7.5
2016-03-24-4-32-42pm,1458808362740,1458808361868,2016-03-24-4-32-41pm,gps,1.29628772,103.77188845,5.0,38.29999923706055,88.4,9.5
2016-03-24-4-32-52pm,1458808372710,1458808371808,2016-03-24-4-32-51pm,gps,1.29676364,103.77245265,7.0,42.0,53.0,7.75
2016-03-24-4-33-02pm,1458808382740,1458808381868,2016-03-24-4-33-01pm,gps,1.29714033,103.77276804,7.0,44.20000076293945,35.4,4.25
2016-03-24-4-33-12pm,1458808392687,1458808391888,2016-03-24-4-33-11pm,gps,1.2971234,103.77270693,8.0,43.29999923706055,3.4,1.0
2016-03-24-4-33-21pm,1458808401148,1458808400943,2016-03-24-4-33-20pm,network,1.2969341,103.7725134,30.0,-1.0,-1.0,-1.0
2016-03-24-4-33-32pm,1458808412773,1458808411888,2016-03-24-4-33-31pm,gps,1.29780338,103.773094,8.0,48.29999923706055,26.2,9.0
2016-03-24-4-33-41pm,1458808421022,1458808420961,2016-03-24-4-33-40pm,network,1.2969341,103.7725134,30.0,-1.0,-1.0,-1.0
2016-03-24-4-33-52pm,1458808432759,1458808431868,2016-03-24-4-33-51pm,gps,1.29875297,103.77402882,8.0,39.900001525878906,31.3,6.0
2016-03-24-4-34-01pm,1458808441078,1458808441015,2016-03-24-4-34-01pm,network,1.2969341,103.7725134,30.0,-1.0,-1.0,-1.0
2016-03-24-4-34-12pm,1458808452730,1458808451888,2016-03-24-4-34-11pm,gps,1.29912026,103.77434277,4.0,36.400001525878906,36.7,6.0
2016-03-24-4-34-21pm,1458808461092,1458808461004,2016-03-24-4-34-21pm,network,1.2969341,103.7725134,30.0,-1.0,-1.0,-1.0
2016-03-24-4-34-32pm,1458808472695,1458808471828,2016-03-24-4-34-31pm,gps,1.30042206,103.77413823,8.0,38.099998474121094,323.0,7.5
2016-03-24-4-34-42pm,1458808482676,1458808481848,2016-03-24-4-34-41pm,gps,1.30104423,103.77327368,7.0,23.899999618530273,305.5,11.0
2016-03-24-4-34-52pm,1458808492703,1458808491828,2016-03-24-4-34-51pm,gps,1.30112291,103.7729479,6.0,24.600000381469727,287.3,3.75
2016-03-24-4-35-02pm,1458808502728,1458808501808,2016-03-24-4-35-01pm,gps,1.30105678,103.77353526,5.0,24.200000762939453,129.0,4.25
2016-03-24-4-35-12pm,1458808512671,1458808511828,2016-03-24-4-35-11pm,gps,1.30113062,103.77366848,6.0,15.699999809265137,51.6,1.75
2016-03-24-4-35-22pm,1458808522775,1458808521848,2016-03-24-4-35-21pm,gps,1.30110587,103.77389469,6.0,19.0,83.1,3.25
2016-03-24-4-35-32pm,1458808532795,1458808531888,2016-03-24-4-35-31pm,gps,1.30105161,103.77459901,8.0,25.700000762939453,52.2,7.0
2016-03-24-4-35-42pm,1458808542684,1458808541848,2016-03-24-4-35-41pm,gps,1.30215602,103.77413557,4.0,21.0,332.9,9.75
2016-03-24-4-36-01pm,1458808561022,1458808560981,2016-03-24-4-36-00pm,network,1.3007577,103.773607,39.0,-1.0,-1.0,-1.0
2016-03-24-4-36-22pm,1458808582478,1458808581388,2016-03-24-4-36-21pm,gps,1.30356367,103.7745055,4.0,27.5,77.2,1.5
2016-03-24-4-36-42pm,1458808602297,1458808601388,2016-03-24-4-36-41pm,gps,1.30362846,103.77446012,4.0,31.0,-1.0,0.0
2016-03-24-4-36-52pm,1458808612268,1458808611388,2016-03-24-4-36-51pm,gps,1.30365946,103.774418,5.0,28.100000381469727,323.7,0.75
2016-03-24-4-37-02pm,1458808622470,1458808621388,2016-03-24-4-37-01pm,gps,1.30371041,103.77431865,5.0,20.200000762939453,297.5,0.75
2016-03-24-4-37-21pm,1458808641099,1458808641069,2016-03-24-4-37-21pm,network,1.303239,103.7744033,48.98,-1.0,-1.0,-1.0
2016-03-24-4-37-41pm,1458808661150,1458808661075,2016-03-24-4-37-41pm,network,1.3032164,103.7744045,36.735,-1.0,-1.0,-1.0
2016-03-24-4-37-52pm,1458808672479,1458808671388,2016-03-24-4-37-51pm,gps,1.30383235,103.77402871,5.0,32.20000076293945,13.0,0.75
2016-03-24-4-38-01pm,1458808681320,1458808681088,2016-03-24-4-38-01pm,network,1.3032164,103.7744045,36.735,-1.0,-1.0,-1.0
2016-03-24-4-38-13pm,1458808693299,1458808693000,2016-03-24-4-38-13pm,gps,1.30397654,103.77389364,11.0,25.899999618530273,13.0,0.5
2016-03-24-4-38-21pm,1458808701870,1458808701106,2016-03-24-4-38-21pm,network,1.3039105,103.7741558,38.414,-1.0,-1.0,-1.0
2016-03-24-4-38-33pm,1458808713294,1458808713000,2016-03-24-4-38-33pm,gps,1.30410295,103.77396047,13.0,21.5,-1.0,0.0
2016-03-24-4-38-41pm,1458808721275,1458808721224,2016-03-24-4-38-41pm,network,1.3039714,103.7741482,33.343,-1.0,-1.0,-1.0
2016-03-24-4-38-53pm,1458808733289,1458808733000,2016-03-24-4-38-53pm,gps,1.30413891,103.77392768,11.0,27.299999237060547,13.0,0.5
2016-03-24-4-39-01pm,1458808741201,1458808741145,2016-03-24-4-39-01pm,network,1.303602,103.7741668,120.0,-1.0,-1.0,-1.0
2016-03-24-4-39-13pm,1458808753325,1458808753000,2016-03-24-4-39-13pm,gps,1.30412191,103.7738453,11.0,32.70000076293945,-1.0,0.0
2016-03-24-4-39-21pm,1458808761275,1458808761208,2016-03-24-4-39-21pm,network,1.3034424,103.7742409,81.009,-1.0,-1.0,-1.0
2016-03-24-4-39-33pm,1458808773305,1458808773000,2016-03-24-4-39-33pm,gps,1.30440766,103.77372325,15.0,31.600000381469727,337.6,1.25
2016-03-24-4-39-41pm,1458808781182,1458808781122,2016-03-24-4-39-41pm,network,1.3033343,103.7742989,92.276,-1.0,-1.0,-1.0
2016-03-24-4-39-53pm,1458808793298,1458808793000,2016-03-24-4-39-53pm,gps,1.30476182,103.77358445,11.0,37.0,291.3,1.0
2016-03-24-4-40-01pm,1458808801269,1458808801222,2016-03-24-4-40-01pm,network,1.3043189,103.7731875,69.502,-1.0,-1.0,-1.0
2016-03-24-4-40-13pm,1458808813316,1458808813000,2016-03-24-4-40-13pm,gps,1.30441572,103.77327691,6.0,22.600000381469727,303.7,0.5
2016-03-24-4-40-21pm,1458808821355,1458808821286,2016-03-24-4-40-21pm,network,1.3043189,103.7731875,69.502,-1.0,-1.0,-1.0
2016-03-24-4-40-42pm,1458808842764,1458808841312,2016-03-24-4-40-41pm,network,1.3044016,103.7735021,128.747,-1.0,-1.0,-1.0
2016-03-24-4-41-01pm,1458808861293,1458808861216,2016-03-24-4-41-01pm,network,1.304413,103.7734951,127.509,-1.0,-1.0,-1.0
2016-03-24-4-41-21pm,1458808881395,1458808881347,2016-03-24-4-41-21pm,network,1.3044112,103.7734923,127.507,-1.0,-1.0,-1.0
2016-03-24-4-42-01pm,1458808921403,1458808921332,2016-03-24-4-42-01pm,network,1.3044088,103.7734793,127.042,-1.0,-1.0,-1.0
2016-03-24-4-42-21pm,1458808941377,1458808941317,2016-03-24-4-42-21pm,network,1.3044616,103.773455,121.712,-1.0,-1.0,-1.0
2016-03-24-4-42-41pm,1458808961333,1458808961281,2016-03-24-4-42-41pm,network,1.3045087,103.7734418,117.394,-1.0,-1.0,-1.0
2016-03-24-4-42-46pm,1458808966340,1458808966000,2016-03-24-4-42-46pm,gps,1.30507929,103.77200399,64.0,17.700000762939453,279.3,2.75
2016-03-24-4-43-03pm,1458808983060,1458808981433,2016-03-24-4-43-01pm,network,1.3054201,103.7728145,95.907,-1.0,-1.0,-1.0
2016-03-24-4-43-21pm,1458809001338,1458809001270,2016-03-24-4-43-21pm,network,1.305411,103.772772,67.726,-1.0,-1.0,-1.0
2016-03-24-4-43-28pm,1458809008310,1458809008000,2016-03-24-4-43-28pm,gps,1.30542005,103.77264577,87.0,13.5,86.6,2.5
2016-03-24-4-43-41pm,1458809021354,1458809021294,2016-03-24-4-43-41pm,network,1.3051508,103.7722956,61.468,-1.0,-1.0,-1.0
2016-03-24-4-43-58pm,1458809038321,1458809038000,2016-03-24-4-43-58pm,gps,1.30557317,103.77280397,43.0,12.300000190734863,75.3,0.75
2016-03-24-4-44-10pm,1458809050343,1458809050000,2016-03-24-4-44-10pm,gps,1.30558401,103.77232756,11.0,33.29999923706055,75.3,0.5
2016-03-24-4-44-20pm,1458809060337,1458809060000,2016-03-24-4-44-20pm,gps,1.30566547,103.77233386,12.0,31.899999618530273,4.6,0.75
2016-03-24-4-44-30pm,1458809070352,1458809070000,2016-03-24-4-44-30pm,gps,1.30572858,103.77236412,9.0,28.0,9.7,0.75
2016-03-24-4-44-49pm,1458809089804,1458809088860,2016-03-24-4-44-48pm,gps,1.30573856,103.7724806,9.0,33.29999923706055,-1.0,0.0
2016-03-24-4-45-03pm,1458809103356,1458809103000,2016-03-24-4-45-03pm,gps,1.30573656,103.77247938,36.0,33.29999923706055,-1.0,0.0
2016-03-24-4-45-21pm,1458809121568,1458809121333,2016-03-24-4-45-21pm,network,1.3057498,103.7721309,91.971,-1.0,-1.0,-1.0
2016-03-24-4-45-29pm,1458809129336,1458809129000,2016-03-24-4-45-29pm,gps,1.30603061,103.77216517,49.0,34.599998474121094,313.0,1.75
2016-03-24-4-45-41pm,1458809141512,1458809141444,2016-03-24-4-45-41pm,network,1.3057603,103.7721275,33.625,-1.0,-1.0,-1.0
2016-03-24-4-46-01pm,1458809161354,1458809161000,2016-03-24-4-46-01pm,gps,1.30629004,103.77220797,12.0,38.79999923706055,91.2,0.75
2016-03-24-4-46-21pm,1458809181348,1458809181000,2016-03-24-4-46-21pm,gps,1.30635814,103.77221539,15.0,44.400001525878906,310.4,0.75
2016-03-24-4-46-31pm,1458809191346,1458809191000,2016-03-24-4-46-31pm,gps,1.30630034,103.7721438,15.0,47.900001525878906,-1.0,0.0
2016-03-24-4-46-41pm,1458809201539,1458809201502,2016-03-24-4-46-41pm,network,1.3060736,103.771978,30.0,-1.0,-1.0,-1.0
2016-03-24-4-46-52pm,1458809212346,1458809212000,2016-03-24-4-46-52pm,gps,1.30629425,103.77208879,19.0,38.20000076293945,-1.0,0.0
2016-03-24-4-47-01pm,1458809221493,1458809221450,2016-03-24-4-47-01pm,network,1.3060601,103.7719569,30.0,-1.0,-1.0,-1.0
2016-03-24-4-47-13pm,1458809233335,1458809233000,2016-03-24-4-47-13pm,gps,1.30630399,103.77208485,29.0,36.70000076293945,-1.0,0.0
2016-03-24-4-47-21pm,1458809241608,1458809241566,2016-03-24-4-47-21pm,network,1.306129,103.7718571,52.5,-1.0,-1.0,-1.0
2016-03-24-4-47-31pm,1458809251331,1458809251000,2016-03-24-4-47-31pm,gps,1.30642802,103.77222326,13.0,17.600000381469727,263.4,0.75
2016-03-24-4-47-41pm,1458809261910,1458809261513,2016-03-24-4-47-41pm,network,1.3065603,103.7720497,63.1,-1.0,-1.0,-1.0
2016-03-24-4-48-02pm,1458809282442,1458809282405,2016-03-24-4-48-02pm,network,1.3067488,103.7720792,25.0,-1.0,-1.0,-1.0
2016-03-24-4-48-22pm,1458809302582,1458809302548,2016-03-24-4-48-22pm,network,1.3067854,103.7720209,27.663,-1.0,-1.0,-1.0
2016-03-24-4-48-42pm,1458809322567,1458809322544,2016-03-24-4-48-42pm,network,1.3067547,103.7719315,43.5,-1.0,-1.0,-1.0
2016-03-24-4-49-02pm,1458809342639,1458809342603,2016-03-24-4-49-02pm,network,1.306682,103.771932,38.887,-1.0,-1.0,-1.0
2016-03-24-4-49-16pm,1458809356353,1458809356000,2016-03-24-4-49-16pm,gps,1.30692713,103.77199422,16.0,-2.0,-1.0,0.0
2016-03-24-4-49-22pm,1458809362642,1458809362595,2016-03-24-4-49-22pm,network,1.3067219,103.7719867,32.719,-1.0,-1.0,-1.0
2016-03-24-4-49-42pm,1458809382524,1458809382473,2016-03-24-4-49-42pm,network,1.306692,103.7720062,32.413,-1.0,-1.0,-1.0
2016-03-24-4-49-54pm,1458809394839,1458809393840,2016-03-24-4-49-53pm,gps,1.30687414,103.77228851,6.0,16.899999618530273,77.7,0.5
2016-03-24-4-50-02pm,1458809402619,1458809402582,2016-03-24-4-50-02pm,network,1.30668,103.7720203,31.898,-1.0,-1.0,-1.0
2016-03-24-4-50-15pm,1458809415346,1458809415000,2016-03-24-4-50-15pm,gps,1.30684969,103.77234373,15.0,22.899999618530273,77.7,0.75
2016-03-24-4-50-22pm,1458809422685,1458809422648,2016-03-24-4-50-22pm,network,1.3067597,103.7720631,24.831,-1.0,-1.0,-1.0
2016-03-24-4-50-42pm,1458809442644,1458809442590,2016-03-24-4-50-42pm,network,1.3067391,103.7721472,40.5,-1.0,-1.0,-1.0
2016-03-24-4-50-56pm,1458809456392,1458809456000,2016-03-24-4-50-56pm,gps,1.30722863,103.77240819,16.0,31.0,69.9,0.75
2016-03-24-4-51-06pm,1458809466411,1458809466000,2016-03-24-4-51-06pm,gps,1.30738015,103.77232265,23.0,32.70000076293945,92.5,0.75
2016-03-24-4-51-16pm,1458809476406,1458809476000,2016-03-24-4-51-16pm,gps,1.30735884,103.77235735,25.0,32.099998474121094,127.9,1.0
2016-03-24-4-51-21pm,1458809481672,1458809462705,2016-03-24-4-51-02pm,network,1.307318,103.7723426,54.517,-1.0,-1.0,-1.0
2016-03-24-4-51-42pm,1458809502780,1458809502620,2016-03-24-4-51-42pm,network,1.3073771,103.772357,28.604,-1.0,-1.0,-1.0
2016-03-24-4-51-56pm,1458809516399,1458809516000,2016-03-24-4-51-56pm,gps,1.3073368,103.77244221,18.0,33.400001525878906,-1.0,0.0
2016-03-24-4-52-02pm,1458809522763,1458809522719,2016-03-24-4-52-02pm,network,1.3073791,103.7723707,30.0,-1.0,-1.0,-1.0
2016-03-24-4-52-15pm,1458809535373,1458809535000,2016-03-24-4-52-15pm,gps,1.30727064,103.77250229,9.0,18.5,244.5,0.75
2016-03-24-4-52-22pm,1458809542595,1458809542571,2016-03-24-4-52-22pm,network,1.3073423,103.7724608,40.5,-1.0,-1.0,-1.0
2016-03-24-4-52-34pm,1458809554877,1458809553840,2016-03-24-4-52-33pm,gps,1.30703274,103.77271924,5.0,29.100000381469727,116.9,0.75
2016-03-24-4-52-42pm,1458809562034,1458809557915,2016-03-24-4-52-37pm,network,1.3073429,103.7724878,39.0,-1.0,-1.0,-1.0
2016-03-24-4-52-54pm,1458809574805,1458809573800,2016-03-24-4-52-53pm,gps,1.3071484,103.77303171,5.0,31.399999618530273,60.6,1.0
2016-03-24-4-53-02pm,1458809582866,1458809582835,2016-03-24-4-53-02pm,network,1.3073429,103.7724878,39.0,-1.0,-1.0,-1.0
2016-03-24-4-53-14pm,1458809594805,1458809593840,2016-03-24-4-53-13pm,gps,1.30717875,103.77308553,8.0,26.399999618530273,-1.0,0.0
2016-03-24-4-53-30pm,1458809610364,1458809610000,2016-03-24-4-53-30pm,gps,1.30717494,103.77308938,42.0,26.0,-1.0,0.0
2016-03-24-4-53-45pm,1458809625368,1458809625000,2016-03-24-4-53-45pm,gps,1.30697585,103.77310537,13.0,36.70000076293945,185.9,1.0
2016-03-24-4-54-04pm,1458809644791,1458809643780,2016-03-24-4-54-03pm,gps,1.30672664,103.77325427,7.0,43.099998474121094,185.4,1.0
2016-03-24-4-54-14pm,1458809654839,1458809653860,2016-03-24-4-54-13pm,gps,1.30662399,103.7733015,9.0,38.5,181.0,0.75
2016-03-24-4-54-22pm,1458809662858,1458809662730,2016-03-24-4-54-22pm,network,1.3066436,103.7731926,67.373,-1.0,-1.0,-1.0
2016-03-24-4-54-42pm,1458809682900,1458809682858,2016-03-24-4-54-42pm,network,1.3066436,103.7731926,67.373,-1.0,-1.0,-1.0
2016-03-24-4-54-54pm,1458809694846,1458809693820,2016-03-24-4-54-53pm,gps,1.30620637,103.77350091,6.0,30.799999237060547,146.9,1.0
2016-03-24-4-55-02pm,1458809702927,1458809702889,2016-03-24-4-55-02pm,network,1.3066174,103.773204,64.74,-1.0,-1.0,-1.0
2016-03-24-4-55-14pm,1458809714833,1458809713840,2016-03-24-4-55-13pm,gps,1.30608137,103.77336436,5.0,37.29999923706055,194.2,0.75
2016-03-24-4-55-24pm,1458809724758,1458809723760,2016-03-24-4-55-23pm,gps,1.30599653,103.77330532,6.0,37.099998474121094,194.2,0.75
2016-03-24-4-55-35pm,1458809735378,1458809735000,2016-03-24-4-55-35pm,gps,1.30596921,103.77329851,10.0,38.5,-1.0,0.0
2016-03-24-4-56-06pm,1458809766373,1458809766000,2016-03-24-4-56-06pm,gps,1.30596716,103.77329686,71.0,38.20000076293945,-1.0,0.0
2016-03-24-4-56-18pm,1458809778395,1458809778000,2016-03-24-4-56-18pm,gps,1.3059598,103.77329585,16.0,37.79999923706055,-1.0,0.0
2016-03-24-4-56-29pm,1458809789394,1458809789000,2016-03-24-4-56-29pm,gps,1.30595472,103.77329527,13.0,37.70000076293945,-1.0,0.0
2016-03-24-4-56-49pm,1458809809398,1458809809000,2016-03-24-4-56-49pm,gps,1.30579717,103.77312649,23.0,39.20000076293945,194.2,0.25
2016-03-24-4-56-59pm,1458809819444,1458809819000,2016-03-24-4-56-59pm,gps,1.3057551,103.77316183,22.0,38.400001525878906,194.2,0.5
2016-03-24-4-57-10pm,1458809830450,1458809830000,2016-03-24-4-57-10pm,gps,1.30536228,103.77336582,24.0,44.0,-1.0,0.0
2016-03-24-4-57-28pm,1458809848392,1458809848000,2016-03-24-4-57-28pm,gps,1.30557762,103.77343246,11.0,20.100000381469727,81.2,1.0
2016-03-24-4-57-38pm,1458809858381,1458809858000,2016-03-24-4-57-38pm,gps,1.30554032,103.77350218,11.0,23.200000762939453,126.9,0.75
2016-03-24-4-57-48pm,1458809868391,1458809868000,2016-03-24-4-57-48pm,gps,1.30553464,103.77350814,13.0,18.799999237060547,138.4,0.25
2016-03-24-4-58-07pm,1458809887854,1458809886840,2016-03-24-4-58-06pm,gps,1.3054839,103.77358288,7.0,18.299999237060547,138.4,0.5
2016-03-24-4-58-17pm,1458809897840,1458809896840,2016-03-24-4-58-16pm,gps,1.30548831,103.77361344,8.0,20.299999237060547,-1.0,0.0
2016-03-24-4-58-33pm,1458809913391,1458809913000,2016-03-24-4-58-33pm,gps,1.30548613,103.77361999,45.0,20.399999618530273,-1.0,0.0
2016-03-24-4-59-16pm,1458809956403,1458809956000,2016-03-24-4-59-16pm,gps,1.3054359,103.77363217,83.0,22.399999618530273,-1.0,0.0
2016-03-24-4-59-29pm,1458809969393,1458809969000,2016-03-24-4-59-29pm,gps,1.30537779,103.77370257,17.0,24.899999618530273,138.4,0.25
2016-03-24-4-59-47pm,1458809987842,1458809986840,2016-03-24-4-59-46pm,gps,1.30454415,103.77377981,8.0,6.900000095367432,142.7,0.75
2016-03-24-4-59-58pm,1458809998402,1458809998000,2016-03-24-4-59-58pm,gps,1.30437393,103.77382625,14.0,13.199999809265137,183.6,0.75
2016-03-24-5-00-08pm,1458810008399,1458810008000,2016-03-24-5-00-08pm,gps,1.30425464,103.77378722,10.0,34.5,186.7,0.75
2016-03-24-5-00-28pm,1458810028426,1458810028000,2016-03-24-5-00-28pm,gps,1.30420511,103.77373809,9.0,58.29999923706055,-1.0,0.0
2016-03-24-5-00-48pm,1458810048408,1458810048000,2016-03-24-5-00-48pm,gps,1.3042523,103.7737194,9.0,59.29999923706055,-1.0,0.0
2016-03-24-5-00-58pm,1458810058436,1458810058000,2016-03-24-5-00-58pm,gps,1.30420997,103.77379986,10.0,64.0,-1.0,0.0
2016-03-24-5-01-17pm,1458810077817,1458810076800,2016-03-24-5-01-16pm,gps,1.30419109,103.77377972,9.0,67.19999694824219,-1.0,0.0
2016-03-24-5-01-22pm,1458810082873,1458810082852,2016-03-24-5-01-22pm,network,1.3041706,103.7731937,69.255,-1.0,-1.0,-1.0
2016-03-24-5-01-38pm,1458810098410,1458810098000,2016-03-24-5-01-38pm,gps,1.30422524,103.77389402,10.0,74.0999984741211,186.7,0.25
2016-03-24-5-01-57pm,1458810117809,1458810116780,2016-03-24-5-01-56pm,gps,1.30418532,103.77405602,7.0,83.4000015258789,186.7,0.5
2016-03-24-5-02-02pm,1458810122968,1458810122921,2016-03-24-5-02-02pm,network,1.3032783,103.7743555,99.058,-1.0,-1.0,-1.0
2016-03-24-5-02-18pm,1458810138451,1458810138000,2016-03-24-5-02-18pm,gps,1.30387585,103.77416062,15.0,54.0,186.7,0.5
2016-03-24-5-02-38pm,1458810158433,1458810158000,2016-03-24-5-02-38pm,gps,1.30371713,103.77415857,12.0,53.70000076293945,186.7,0.75
2016-03-24-5-02-58pm,1458810178411,1458810178000,2016-03-24-5-02-58pm,gps,1.3037048,103.77427477,9.0,44.400001525878906,133.3,0.5
2016-03-24-5-03-17pm,1458810197896,1458810196839,2016-03-24-5-03-16pm,gps,1.30370245,103.77445011,7.0,35.900001525878906,122.3,1.0
2016-03-24-5-03-27pm,1458810207824,1458810206859,2016-03-24-5-03-26pm,gps,1.30367707,103.77455928,6.0,34.5,131.4,1.0
2016-03-24-5-03-37pm,1458810217844,1458810216879,2016-03-24-5-03-36pm,gps,1.30356872,103.77458865,7.0,39.20000076293945,180.9,1.0
2016-03-24-5-03-42pm,1458810222970,1458810222917,2016-03-24-5-03-42pm,network,1.3032448,103.7744121,34.529,-1.0,-1.0,-1.0
2016-03-24-5-03-58pm,1458810238444,1458810238000,2016-03-24-5-03-58pm,gps,1.30362304,103.77451599,9.0,27.399999618530273,-1.0,0.0
2016-03-24-5-04-08pm,1458810248417,1458810248000,2016-03-24-5-04-08pm,gps,1.30360256,103.77451026,9.0,28.100000381469727,-1.0,0.0
2016-03-24-5-04-23pm,1458810263048,1458810263002,2016-03-24-5-04-23pm,network,1.3032399,103.7744075,48.831,-1.0,-1.0,-1.0
2016-03-24-5-04-38pm,1458810278452,1458810278000,2016-03-24-5-04-38pm,gps,1.30358878,103.77448001,7.0,28.700000762939453,-1.0,0.0
2016-03-24-5-04-57pm,1458810297756,1458810296799,2016-03-24-5-04-56pm,gps,1.30356777,103.77449256,9.0,37.29999923706055,-1.0,0.0
2016-03-24-5-05-02pm,1458810302793,1458810302705,2016-03-24-5-05-02pm,network,1.3032429,103.7743984,48.706,-1.0,-1.0,-1.0
2016-03-24-5-05-07pm,1458810307844,1458810306859,2016-03-24-5-05-06pm,gps,1.30358181,103.77450279,7.0,36.5,-1.0,0.0
2016-03-24-5-05-17pm,1458810317836,1458810316799,2016-03-24-5-05-16pm,gps,1.30360173,103.77451637,8.0,32.79999923706055,-1.0,0.0
2016-03-24-5-05-23pm,1458810323103,1458810323032,2016-03-24-5-05-23pm,network,1.3032293,103.7744239,30.0,-1.0,-1.0,-1.0
2016-03-24-5-05-37pm,1458810337922,1458810336859,2016-03-24-5-05-36pm,gps,1.30361678,103.77452778,9.0,28.700000762939453,-1.0,0.0
2016-03-24-5-05-42pm,1458810342992,1458810342965,2016-03-24-5-05-42pm,network,1.3032293,103.7744239,30.0,-1.0,-1.0,-1.0
2016-03-24-5-05-57pm,1458810357899,1458810356859,2016-03-24-5-05-56pm,gps,1.30361405,103.77453747,7.0,26.299999237060547,-1.0,0.0
2016-03-24-5-06-02pm,1458810362996,1458810362955,2016-03-24-5-06-02pm,network,1.3032471,103.7744199,47.991,-1.0,-1.0,-1.0
2016-03-24-5-06-08pm,1458810368441,1458810366979,2016-03-24-5-06-06pm,gps,1.30362348,103.77454238,6.0,26.700000762939453,-1.0,0.0
2016-03-24-5-06-22pm,1458810382855,1458810382812,2016-03-24-5-06-22pm,network,1.3032368,103.7744149,49.004,-1.0,-1.0,-1.0
2016-03-24-5-06-27pm,1458810387896,1458810386879,2016-03-24-5-06-26pm,gps,1.30360254,103.77455163,7.0,30.100000381469727,-1.0,0.0
2016-03-24-5-06-37pm,1458810397859,1458810396859,2016-03-24-5-06-36pm,gps,1.30360262,103.77455408,8.0,31.100000381469727,-1.0,0.0
2016-03-24-5-06-43pm,1458810403014,1458810402964,2016-03-24-5-06-42pm,network,1.3032347,103.7744117,49.242,-1.0,-1.0,-1.0
2016-03-24-5-06-58pm,1458810418445,1458810418000,2016-03-24-5-06-58pm,gps,1.30362253,103.77455838,10.0,28.899999618530273,-1.0,0.0
2016-03-24-5-07-17pm,1458810437935,1458810436879,2016-03-24-5-07-16pm,gps,1.30361304,103.77456297,7.0,28.100000381469727,-1.0,0.0
2016-03-24-5-07-23pm,1458810443048,1458810442979,2016-03-24-5-07-22pm,network,1.3032443,103.7744139,48.332,-1.0,-1.0,-1.0
2016-03-24-5-07-37pm,1458810457796,1458810456839,2016-03-24-5-07-36pm,gps,1.30361329,103.77456806,8.0,29.899999618530273,-1.0,0.0
2016-03-24-5-07-43pm,1458810463108,1458810463041,2016-03-24-5-07-43pm,network,1.3032333,103.7744052,49.469,-1.0,-1.0,-1.0
2016-03-24-5-08-03pm,1458810483081,1458810483030,2016-03-24-5-08-03pm,network,1.3032342,103.7744094,49.322,-1.0,-1.0,-1.0
2016-03-24-5-08-17pm,1458810497946,1458810496879,2016-03-24-5-08-16pm,gps,1.30361546,103.7745675,7.0,30.5,-1.0,0.0
2016-03-24-5-08-28pm,1458810508439,1458810508000,2016-03-24-5-08-28pm,gps,1.30361592,103.77456666,7.0,30.700000762939453,-1.0,0.0
2016-03-24-5-08-38pm,1458810518462,1458810518000,2016-03-24-5-08-38pm,gps,1.30361632,103.77456562,10.0,31.5,-1.0,0.0
2016-03-24-5-08-57pm,1458810537823,1458810536839,2016-03-24-5-08-56pm,gps,1.3036099,103.77456731,5.0,31.700000762939453,-1.0,0.0
2016-03-24-5-09-03pm,1458810543136,1458810543075,2016-03-24-5-09-03pm,network,1.3032271,103.774412,49.933,-1.0,-1.0,-1.0
2016-03-24-5-09-17pm,1458810557918,1458810556879,2016-03-24-5-09-16pm,gps,1.30360601,103.77457516,8.0,33.099998474121094,-1.0,0.0
2016-03-24-5-09-23pm,1458810563031,1458810562987,2016-03-24-5-09-22pm,network,1.3032271,103.7744119,49.934,-1.0,-1.0,-1.0
2016-03-24-5-09-38pm,1458810578445,1458810578000,2016-03-24-5-09-38pm,gps,1.30360157,103.77458058,11.0,36.5,-1.0,0.0
2016-03-24-5-09-48pm,1458810588460,1458810588000,2016-03-24-5-09-48pm,gps,1.30359657,103.77457896,9.0,37.0,-1.0,0.0
2016-03-24-5-09-58pm,1458810598448,1458810598000,2016-03-24-5-09-58pm,gps,1.30359381,103.77457978,14.0,38.400001525878906,-1.0,0.0
2016-03-24-5-10-08pm,1458810608449,1458810608000,2016-03-24-5-10-08pm,gps,1.30359377,103.77457972,12.0,38.400001525878906,-1.0,0.0
2016-03-24-5-10-18pm,1458810618445,1458810618000,2016-03-24-5-10-18pm,gps,1.30359316,103.77457981,12.0,38.29999923706055,-1.0,0.0
2016-03-24-5-10-37pm,1458810637864,1458810636879,2016-03-24-5-10-36pm,gps,1.30358996,103.77458078,9.0,38.29999923706055,-1.0,0.0
2016-03-24-5-10-47pm,1458810647912,1458810646859,2016-03-24-5-10-46pm,gps,1.30358875,103.77458098,5.0,38.099998474121094,-1.0,0.0
2016-03-24-5-10-57pm,1458810657846,1458810656859,2016-03-24-5-10-56pm,gps,1.30359136,103.7745803,5.0,39.29999923706055,-1.0,0.0
2016-03-24-5-11-03pm,1458810663037,1458810663004,2016-03-24-5-11-03pm,network,1.3032347,103.7744133,35.438,-1.0,-1.0,-1.0
2016-03-24-5-11-17pm,1458810677840,1458810676799,2016-03-24-5-11-16pm,gps,1.30362088,103.77451576,8.0,37.099998474121094,221.7,0.25
2016-03-24-5-11-23pm,1458810683004,1458810682939,2016-03-24-5-11-22pm,network,1.3032277,103.7744049,35.764,-1.0,-1.0,-1.0
2016-03-24-5-11-37pm,1458810697867,1458810696879,2016-03-24-5-11-36pm,gps,1.30356546,103.77453288,6.0,40.099998474121094,-1.0,0.0
2016-03-24-5-11-47pm,1458810707903,1458810706839,2016-03-24-5-11-46pm,gps,1.30363639,103.77475562,7.0,35.29999923706055,78.1,5.25
2016-03-24-5-11-57pm,1458810717852,1458810716839,2016-03-24-5-11-56pm,gps,1.30375922,103.77540358,8.0,36.900001525878906,67.7,4.0
2016-03-24-5-12-03pm,1458810723466,1458810723432,2016-03-24-5-12-03pm,network,1.3032065,103.7743966,31.5,-1.0,-1.0,-1.0
2016-03-24-5-12-17pm,1458810737950,1458810736859,2016-03-24-5-12-16pm,gps,1.30353025,103.7752484,9.0,35.099998474121094,237.4,5.75
2016-03-24-5-12-28pm,1458810748505,1458810748000,2016-03-24-5-12-28pm,gps,1.30363025,103.77457008,8.0,40.099998474121094,264.1,4.75
2016-03-24-5-12-44pm,1458810764260,1458810764217,2016-03-24-5-12-44pm,network,1.3032104,103.7743998,37.5,-1.0,-1.0,-1.0
2016-03-24-5-12-58pm,1458810778496,1458810778000,2016-03-24-5-12-58pm,gps,1.3023102,103.7740679,7.0,41.0,156.8,10.5
2016-03-24-5-13-17pm,1458810797927,1458810796859,2016-03-24-5-13-16pm,gps,1.30086088,103.77437044,8.0,24.600000381469727,212.0,5.25
2016-03-24-5-13-27pm,1458810807875,1458810806859,2016-03-24-5-13-26pm,gps,1.30038552,103.77448005,5.0,21.5,153.7,7.25
2016-03-24-5-13-37pm,1458810817866,1458810816859,2016-03-24-5-13-36pm,gps,1.2998667,103.77475039,7.0,20.700000762939453,154.9,6.25
2016-03-24-5-13-47pm,1458810827991,1458810826899,2016-03-24-5-13-46pm,gps,1.29938529,103.7747408,7.0,21.100000381469727,178.1,5.75
2016-03-24-5-13-58pm,1458810838463,1458810838000,2016-03-24-5-13-58pm,gps,1.29907716,103.77428889,7.0,26.399999618530273,208.9,3.25
2016-03-24-5-14-05pm,1458810845871,1458810845300,2016-03-24-5-14-05pm,network,1.3006168,103.7737806,40.5,-1.0,-1.0,-1.0
2016-03-24-5-14-18pm,1458810858062,1458810856899,2016-03-24-5-14-16pm,gps,1.29901475,103.77434059,4.0,36.900001525878906,-1.0,0.0
2016-03-24-5-14-27pm,1458810867899,1458810866899,2016-03-24-5-14-26pm,gps,1.2986762,103.77405031,5.0,44.5,224.7,7.75
2016-03-24-5-14-38pm,1458810878528,1458810878000,2016-03-24-5-14-38pm,gps,1.29808096,103.77328981,9.0,48.599998474121094,233.0,9.25
2016-03-24-5-14-45pm,1458810885413,1458810885361,2016-03-24-5-14-45pm,network,1.2993403,103.7744667,45.0,-1.0,-1.0,-1.0
2016-03-24-5-14-57pm,1458810897915,1458810896899,2016-03-24-5-14-56pm,gps,1.29691308,103.77272927,8.0,50.79999923706055,197.1,6.75
2016-03-24-5-15-07pm,1458810907809,1458810906819,2016-03-24-5-15-06pm,gps,1.29649987,103.77252926,7.0,49.79999923706055,209.4,5.25
2016-03-24-5-15-17pm,1458810917993,1458810916859,2016-03-24-5-15-16pm,gps,1.29665255,103.77261517,5.0,49.599998474121094,-1.0,0.0
2016-03-24-5-15-37pm,1458810937917,1458810936839,2016-03-24-5-15-36pm,gps,1.29664459,103.77256104,8.0,49.900001525878906,-1.0,0.0
2016-03-24-5-15-47pm,1458810947939,1458810946859,2016-03-24-5-15-46pm,gps,1.29655302,103.77225081,8.0,46.900001525878906,251.8,3.5
2016-03-24-5-15-57pm,1458810957973,1458810956859,2016-03-24-5-15-56pm,gps,1.2963504,103.77157457,9.0,43.79999923706055,265.3,7.25
2016-03-24-5-16-08pm,1458810968446,1458810966939,2016-03-24-5-16-06pm,gps,1.29629929,103.77100088,5.0,35.70000076293945,245.4,4.75
2016-03-24-5-16-25pm,1458810985527,1458810985492,2016-03-24-5-16-25pm,network,1.296712,103.7723966,34.839,-1.0,-1.0,-1.0
2016-03-24-5-16-37pm,1458810997849,1458810996799,2016-03-24-5-16-36pm,gps,1.29470641,103.77059376,5.0,25.5,170.9,0.75
2016-03-24-5-16-45pm,1458811005546,1458811005500,2016-03-24-5-16-45pm,network,1.2967228,103.7723491,36.453,-1.0,-1.0,-1.0
2016-03-24-5-16-57pm,1458811017900,1458811016859,2016-03-24-5-16-56pm,gps,1.29463482,103.77057721,3.0,23.0,184.8,4.25
2016-03-24-5-17-05pm,1458811025544,1458811025503,2016-03-24-5-17-05pm,network,1.2967764,103.7723198,40.5,-1.0,-1.0,-1.0
2016-03-24-5-17-18pm,1458811038016,1458811036859,2016-03-24-5-17-16pm,gps,1.29351744,103.77158532,5.0,36.099998474121094,100.2,5.25
2016-03-24-5-17-27pm,1458811047877,1458811046859,2016-03-24-5-17-26pm,gps,1.29350061,103.77186743,7.0,36.099998474121094,85.8,1.5
2016-03-24-5-17-37pm,1458811057955,1458811056839,2016-03-24-5-17-36pm,gps,1.29351345,103.77184473,4.0,41.79999923706055,-1.0,0.0
2016-03-24-5-17-45pm,1458811065600,1458811065559,2016-03-24-5-17-45pm,network,1.293789,103.7707932,93.492,-1.0,-1.0,-1.0
2016-03-24-5-17-57pm,1458811077902,1458811076879,2016-03-24-5-17-56pm,gps,1.2934273,103.77193546,4.0,36.400001525878906,-1.0,0.0
2016-03-24-5-18-05pm,1458811085556,1458811085493,2016-03-24-5-18-05pm,network,1.2937695,103.7708117,92.06,-1.0,-1.0,-1.0
2016-03-24-5-18-17pm,1458811097912,1458811096819,2016-03-24-5-18-16pm,gps,1.29416184,103.77249168,8.0,39.79999923706055,48.4,2.0
2016-03-24-5-18-25pm,1458811105669,1458811105623,2016-03-24-5-18-25pm,network,1.2946615,103.773485,170.788,-1.0,-1.0,-1.0
2016-03-24-5-18-38pm,1458811118513,1458811118000,2016-03-24-5-18-38pm,gps,1.2949617,103.77345226,7.0,54.900001525878906,114.5,5.5
2016-03-24-5-18-45pm,1458811125755,1458811125664,2016-03-24-5-18-45pm,network,1.2945466,103.7736517,22.3,-1.0,-1.0,-1.0
2016-03-24-5-18-57pm,1458811137914,1458811136860,2016-03-24-5-18-56pm,gps,1.29440232,103.77386099,7.0,46.20000076293945,216.9,2.5
2016-03-24-5-19-05pm,1458811145727,1458811145685,2016-03-24-5-19-05pm,network,1.2944964,103.7737292,30.762,-1.0,-1.0,-1.0
2016-03-24-5-19-17pm,1458811157849,1458811156800,2016-03-24-5-19-16pm,gps,1.29430824,103.77381549,4.0,39.70000076293945,130.6,0.75
2016-03-24-5-19-28pm,1458811168049,1458811166940,2016-03-24-5-19-26pm,gps,1.29426991,103.77384432,4.0,39.70000076293945,-1.0,0.0
2016-03-24-5-19-45pm,1458811185716,1458811185686,2016-03-24-5-19-45pm,network,1.2944547,103.7737461,34.495,-1.0,-1.0,-1.0
2016-03-24-5-19-57pm,1458811197906,1458811196860,2016-03-24-5-19-56pm,gps,1.29430293,103.77390624,8.0,39.29999923706055,-1.0,0.0
2016-03-24-5-20-05pm,1458811205837,1458811205796,2016-03-24-5-20-05pm,network,1.2944542,103.7737438,34.372,-1.0,-1.0,-1.0
2016-03-24-5-20-11pm,1458811211514,1458811211000,2016-03-24-5-20-11pm,gps,1.29430472,103.77390016,45.0,39.599998474121094,-1.0,0.0
2016-03-24-5-20-25pm,1458811225841,1458811225631,2016-03-24-5-20-25pm,network,1.2944417,103.7737646,36.569,-1.0,-1.0,-1.0
2016-03-24-5-20-43pm,1458811243536,1458811243000,2016-03-24-5-20-43pm,gps,1.29430733,103.77389342,66.0,39.70000076293945,-1.0,0.0
2016-03-24-5-21-03pm,1458811263522,1458811263000,2016-03-24-5-21-03pm,gps,1.29430943,103.77388329,45.0,40.099998474121094,-1.0,0.0
2016-03-24-5-21-19pm,1458811279503,1458811279000,2016-03-24-5-21-19pm,gps,1.29430057,103.77389474,29.0,40.900001525878906,-1.0,0.0
2016-03-24-5-21-25pm,1458811285751,1458811285718,2016-03-24-5-21-25pm,network,1.294612,103.7736059,28.0,-1.0,-1.0,-1.0
2016-03-24-5-21-37pm,1458811297515,1458811297000,2016-03-24-5-21-37pm,gps,1.29447512,103.77369363,23.0,37.400001525878906,178.8,0.5
2016-03-24-5-21-48pm,1458811308310,1458811306903,2016-03-24-5-21-46pm,network,1.2941313,103.7743819,20.0,-1.0,-1.0,-1.0
2016-03-24-5-21-54pm,1458811314974,1458811313860,2016-03-24-5-21-53pm,gps,1.2942882,103.77402056,8.0,52.70000076293945,78.6,0.75
2016-03-24-5-22-04pm,1458811324901,1458811323840,2016-03-24-5-22-03pm,gps,1.29427363,103.7739931,5.0,52.099998474121094,-1.0,0.0
2016-03-24-5-22-15pm,1458811335006,1458811333880,2016-03-24-5-22-13pm,gps,1.2942745,103.77399888,5.0,54.0,-1.0,0.0
2016-03-24-5-22-24pm,1458811344915,1458811343880,2016-03-24-5-22-23pm,gps,1.29427725,103.77400288,4.0,54.599998474121094,-1.0,0.0
2016-03-24-5-22-34pm,1458811354929,1458811353820,2016-03-24-5-22-33pm,gps,1.29423787,103.77402269,4.0,57.20000076293945,78.6,0.5
2016-03-24-5-22-45pm,1458811365009,1458811363880,2016-03-24-5-22-43pm,gps,1.29418518,103.77401998,4.0,58.900001525878906,78.6,0.5
2016-03-24-5-23-04pm,1458811384927,1458811383880,2016-03-24-5-23-03pm,gps,1.29408833,103.77414926,6.0,66.69999694824219,-1.0,0.0
2016-03-24-5-23-14pm,1458811394991,1458811393880,2016-03-24-5-23-13pm,gps,1.29406418,103.77422997,4.0,71.0,-1.0,0.0
2016-03-24-5-23-25pm,1458811405022,1458811403920,2016-03-24-5-23-23pm,gps,1.29406798,103.77422955,5.0,71.30000305175781,-1.0,0.0
2016-03-24-5-23-45pm,1458811425018,1458811423880,2016-03-24-5-23-43pm,gps,1.29407105,103.77427219,8.0,73.19999694824219,-1.0,0.0
2016-03-24-5-23-55pm,1458811435526,1458811435000,2016-03-24-5-23-55pm,gps,1.29407654,103.77429441,12.0,74.0999984741211,-1.0,0.0
2016-03-24-5-24-05pm,1458811445905,1458811445870,2016-03-24-5-24-05pm,network,1.2941259,103.7744045,20.0,-1.0,-1.0,-1.0
2016-03-24-5-24-14pm,1458811454998,1458811453880,2016-03-24-5-24-13pm,gps,1.29408114,103.7743102,8.0,74.5999984741211,-1.0,0.0
2016-03-24-5-24-24pm,1458811464937,1458811463880,2016-03-24-5-24-23pm,gps,1.29407967,103.77431231,9.0,74.5999984741211,-1.0,0.0
2016-03-24-5-24-34pm,1458811474944,1458811473880,2016-03-24-5-24-33pm,gps,1.29408189,103.77432495,5.0,73.69999694824219,-1.0,0.0
2016-03-24-5-24-44pm,1458811484958,1458811483820,2016-03-24-5-24-43pm,gps,1.29408382,103.77432497,9.0,74.5999984741211,-1.0,0.0
2016-03-24-5-24-54pm,1458811494975,1458811493880,2016-03-24-5-24-53pm,gps,1.29408625,103.77433301,7.0,75.5,-1.0,0.0
2016-03-24-5-25-05pm,1458811505921,1458811505887,2016-03-24-5-25-05pm,network,1.2941218,103.7744017,20.0,-1.0,-1.0,-1.0
2016-03-24-5-25-16pm,1458811516540,1458811516000,2016-03-24-5-25-16pm,gps,1.29408942,103.7743399,15.0,75.9000015258789,-1.0,0.0
2016-03-24-5-25-25pm,1458811525781,1458811525746,2016-03-24-5-25-25pm,network,1.2941197,103.7743936,20.0,-1.0,-1.0,-1.0
2016-03-24-5-25-45pm,1458811545517,1458811545000,2016-03-24-5-25-45pm,gps,1.29409229,103.77434489,11.0,75.80000305175781,-1.0,0.0
2016-03-24-5-26-04pm,1458811564921,1458811563860,2016-03-24-5-26-03pm,gps,1.29409379,103.77434899,7.0,75.80000305175781,-1.0,0.0
2016-03-24-5-26-16pm,1458811576532,1458811576000,2016-03-24-5-26-16pm,gps,1.29409774,103.77435155,18.0,75.69999694824219,-1.0,0.0
2016-03-24-5-26-29pm,1458811589247,1458811589195,2016-03-24-5-26-29pm,network,1.294114,103.774411,20.0,-1.0,-1.0,-1.0
2016-03-24-5-26-34pm,1458811594991,1458811593840,2016-03-24-5-26-33pm,gps,1.29410111,103.77435442,4.0,76.5999984741211,-1.0,0.0
2016-03-24-5-26-45pm,1458811605101,1458811603940,2016-03-24-5-26-43pm,gps,1.29410122,103.77435481,7.0,76.69999694824219,-1.0,0.0
2016-03-24-5-26-54pm,1458811614999,1458811613840,2016-03-24-5-26-53pm,gps,1.29410358,103.77435835,6.0,76.5,-1.0,0.0
2016-03-24-5-27-05pm,1458811625000,1458811623840,2016-03-24-5-27-03pm,gps,1.29410463,103.77435947,9.0,76.30000305175781,-1.0,0.0
2016-03-24-5-27-17pm,1458811637538,1458811637000,2016-03-24-5-27-17pm,gps,1.29410515,103.7743621,27.0,76.4000015258789,-1.0,0.0
2016-03-24-5-27-29pm,1458811649400,1458811649352,2016-03-24-5-27-29pm,network,1.2941338,103.7744112,20.0,-1.0,-1.0,-1.0
2016-03-24-5-27-34pm,1458811654917,1458811653800,2016-03-24-5-27-33pm,gps,1.29410637,103.77436387,6.0,77.19999694824219,-1.0,0.0
2016-03-24-5-27-45pm,1458811665594,1458811665000,2016-03-24-5-27-45pm,gps,1.29410662,103.77436443,15.0,77.4000015258789,-1.0,0.0
2016-03-24-5-27-57pm,1458811677538,1458811677000,2016-03-24-5-27-57pm,gps,1.29410748,103.77436623,33.0,78.0,-1.0,0.0
2016-03-24-5-28-09pm,1458811689398,1458811689361,2016-03-24-5-28-09pm,network,1.2941292,103.7744158,20.0,-1.0,-1.0,-1.0
2016-03-24-5-28-14pm,1458811694969,1458811693840,2016-03-24-5-28-13pm,gps,1.29410811,103.7743683,6.0,77.9000015258789,-1.0,0.0
2016-03-24-5-28-25pm,1458811705017,1458811703880,2016-03-24-5-28-23pm,gps,1.29410824,103.77436865,5.0,77.9000015258789,-1.0,0.0
2016-03-24-5-28-36pm,1458811716543,1458811716000,2016-03-24-5-28-36pm,gps,1.29410767,103.77436864,17.0,77.19999694824219,-1.0,0.0
2016-03-24-5-28-49pm,1458811729412,1458811729377,2016-03-24-5-28-49pm,network,1.2941096,103.7743863,20.0,-1.0,-1.0,-1.0
2016-03-24-5-28-55pm,1458811735044,1458811733840,2016-03-24-5-28-53pm,gps,1.29410667,103.77436905,5.0,76.80000305175781,-1.0,0.0
2016-03-24-5-29-04pm,1458811744990,1458811743840,2016-03-24-5-29-03pm,gps,1.29410664,103.77436908,5.0,77.0,-1.0,0.0
2016-03-24-5-29-15pm,1458811755544,1458811755000,2016-03-24-5-29-15pm,gps,1.29410649,103.77436904,10.0,76.80000305175781,-1.0,0.0
2016-03-24-5-29-29pm,1458811769448,1458811769414,2016-03-24-5-29-29pm,network,1.2941247,103.7743935,20.0,-1.0,-1.0,-1.0
2016-03-24-5-29-34pm,1458811774999,1458811773840,2016-03-24-5-29-33pm,gps,1.29410677,103.77436889,3.0,77.30000305175781,-1.0,0.0
2016-03-24-5-29-44pm,1458811784990,1458811783840,2016-03-24-5-29-43pm,gps,1.29413091,103.77436466,4.0,77.0999984741211,78.6,0.5
2016-03-24-5-29-54pm,1458811794992,1458811793840,2016-03-24-5-29-53pm,gps,1.29411774,103.77436665,4.0,80.80000305175781,-1.0,0.0
2016-03-24-5-30-05pm,1458811805034,1458811803880,2016-03-24-5-30-03pm,gps,1.29411392,103.77436674,5.0,82.30000305175781,-1.0,0.0
2016-03-24-5-30-14pm,1458811814998,1458811813840,2016-03-24-5-30-13pm,gps,1.29411241,103.77436229999999,5.0,82.0999984741211,-1.0,0.0
2016-03-24-5-30-24pm,1458811824991,1458811823840,2016-03-24-5-30-23pm,gps,1.29410991,103.77436372,5.0,82.0999984741211,-1.0,0.0
2016-03-24-5-30-34pm,1458811834958,1458811833800,2016-03-24-5-30-33pm,gps,1.29410943,103.77436481,6.0,82.19999694824219,-1.0,0.0
2016-03-24-5-30-45pm,1458811845032,1458811843880,2016-03-24-5-30-43pm,gps,1.29411243,103.77436423,5.0,82.69999694824219,-1.0,0.0
2016-03-24-5-30-54pm,1458811854999,1458811853840,2016-03-24-5-30-53pm,gps,1.29411333,103.77436218,5.0,82.5999984741211,-1.0,0.0
2016-03-24-5-31-05pm,1458811865011,1458811863840,2016-03-24-5-31-03pm,gps,1.29411358,103.77436236,5.0,82.5999984741211,-1.0,0.0
2016-03-24-5-31-15pm,1458811875008,1458811873840,2016-03-24-5-31-13pm,gps,1.29411291,103.77436229,4.0,82.4000015258789,-1.0,0.0
2016-03-24-5-31-24pm,1458811884938,1458811883800,2016-03-24-5-31-23pm,gps,1.29411466,103.77436375,8.0,83.0,-1.0,0.0
2016-03-24-5-31-35pm,1458811895048,1458811893840,2016-03-24-5-31-33pm,gps,1.29411555,103.77437128,6.0,82.80000305175781,-1.0,0.0
2016-03-24-5-31-45pm,1458811905075,1458811903920,2016-03-24-5-31-43pm,gps,1.29411422,103.7743739,4.0,82.19999694824219,-1.0,0.0
2016-03-24-5-31-54pm,1458811914982,1458811913820,2016-03-24-5-31-53pm,gps,1.29411102,103.77437348,5.0,81.30000305175781,-1.0,0.0
2016-03-24-5-32-05pm,1458811925003,1458811923840,2016-03-24-5-32-03pm,gps,1.2941192,103.77437456,7.0,84.5,-1.0,0.0
2016-03-24-5-32-15pm,1458811935012,1458811933840,2016-03-24-5-32-13pm,gps,1.29411085,103.77437411,9.0,81.0999984741211,-1.0,0.0
2016-03-24-5-32-27pm,1458811947561,1458811947000,2016-03-24-5-32-27pm,gps,1.29410787,103.77437321,27.0,81.0999984741211,-1.0,0.0
2016-03-24-5-32-37pm,1458811957577,1458811957000,2016-03-24-5-32-37pm,gps,1.29410935,103.77437478,23.0,81.19999694824219,-1.0,0.0
2016-03-24-5-32-49pm,1458811969566,1458811969522,2016-03-24-5-32-49pm,network,1.2941266,103.7744062,20.0,-1.0,-1.0,-1.0
2016-03-24-5-32-55pm,1458811975043,1458811973840,2016-03-24-5-32-53pm,gps,1.29411113,103.77437855,6.0,81.30000305175781,-1.0,0.0
2016-03-24-5-33-05pm,1458811985000,1458811983840,2016-03-24-5-33-03pm,gps,1.29411164,103.77437982,7.0,81.30000305175781,-1.0,0.0
2016-03-24-5-33-18pm,1458811998595,1458811998000,2016-03-24-5-33-18pm,gps,1.29411093,103.77437953,32.0,81.0,-1.0,0.0
2016-03-24-5-33-29pm,1458812009536,1458812009510,2016-03-24-5-33-29pm,network,1.2941151,103.7744002,20.0,-1.0,-1.0,-1.0
2016-03-24-5-33-35pm,1458812015040,1458812013840,2016-03-24-5-33-33pm,gps,1.29411041,103.77438143,6.0,81.19999694824219,-1.0,0.0
2016-03-24-5-33-46pm,1458812026565,1458812026000,2016-03-24-5-33-46pm,gps,1.29411054,103.77438213,25.0,81.0999984741211,-1.0,0.0
2016-03-24-5-33-58pm,1458812038574,1458812038000,2016-03-24-5-33-58pm,gps,1.29411153,103.77438498,20.0,81.69999694824219,-1.0,0.0
2016-03-24-5-34-09pm,1458812049604,1458812049517,2016-03-24-5-34-09pm,network,1.2941275,103.7744066,20.0,-1.0,-1.0,-1.0
2016-03-24-5-34-29pm,1458812069542,1458812069516,2016-03-24-5-34-29pm,network,1.2941193,103.7744095,20.0,-1.0,-1.0,-1.0
2016-03-24-5-34-49pm,1458812089698,1458812089524,2016-03-24-5-34-49pm,network,1.2941058,103.7743978,20.0,-1.0,-1.0,-1.0
2016-03-24-5-34-58pm,1458812098520,1458812097951,2016-03-24-5-34-57pm,gps,1.29412971,103.77460182,25.0,42.5,63.9,2.0615528
2016-03-24-5-35-09pm,1458812109524,1458812109489,2016-03-24-5-35-09pm,network,1.2941208,103.7744254,20.0,-1.0,-1.0,-1.0
2016-03-24-5-35-24pm,1458812124548,1458812123950,2016-03-24-5-35-23pm,gps,1.29405134,103.77413092,25.0,117.5999984741211,108.1,5.640257
2016-03-24-5-35-29pm,1458812129627,1458812129602,2016-03-24-5-35-29pm,network,1.2941063,103.7744036,20.0,-1.0,-1.0,-1.0
2016-03-24-5-35-49pm,1458812149607,1458812149575,2016-03-24-5-35-49pm,network,1.2941129,103.7744053,20.0,-1.0,-1.0,-1.0
2016-03-24-5-36-09pm,1458812169678,1458812169628,2016-03-24-5-36-09pm,network,1.2941254,103.7744166,20.0,-1.0,-1.0,-1.0
2016-03-24-5-36-29pm,1458812189647,1458812189617,2016-03-24-5-36-29pm,network,1.2941281,103.7744037,20.0,-1.0,-1.0,-1.0
2016-03-24-5-36-49pm,1458812209677,1458812209642,2016-03-24-5-36-49pm,network,1.2941297,103.7743985,20.0,-1.0,-1.0,-1.0
2016-03-24-5-37-02pm,1458812222535,1458812221949,2016-03-24-5-37-01pm,gps,1.29417286,103.77460002,44.0,-9.0,67.6,4.7434163
2016-03-24-5-37-09pm,1458812229698,1458812229647,2016-03-24-5-37-09pm,network,1.2941374,103.7744088,20.0,-1.0,-1.0,-1.0
2016-03-24-5-37-29pm,1458812249811,1458812249756,2016-03-24-5-37-29pm,network,1.294133,103.7744193,20.0,-1.0,-1.0,-1.0
2016-03-24-5-37-49pm,1458812269860,1458812269815,2016-03-24-5-37-49pm,network,1.2941419,103.7744101,20.0,-1.0,-1.0,-1.0
2016-03-24-5-38-01pm,1458812281560,1458812280947,2016-03-24-5-38-00pm,gps,1.29394785,103.77429036,25.0,57.20000076293945,15.1,2.3584952
2016-03-24-5-38-09pm,1458812289750,1458812289703,2016-03-24-5-38-09pm,network,1.2941405,103.7744048,20.0,-1.0,-1.0,-1.0
2016-03-24-5-38-29pm,1458812309900,1458812309858,2016-03-24-5-38-29pm,network,1.2941375,103.7744047,20.0,-1.0,-1.0,-1.0
2016-03-24-5-38-49pm,1458812329899,1458812329871,2016-03-24-5-38-49pm,network,1.2941351,103.7744152,20.0,-1.0,-1.0,-1.0
2016-03-24-5-39-09pm,1458812349908,1458812349866,2016-03-24-5-39-09pm,network,1.2941441,103.7743902,20.0,-1.0,-1.0,-1.0
2016-03-24-5-39-29pm,1458812369927,1458812369893,2016-03-24-5-39-29pm,network,1.2941265,103.7744118,20.0,-1.0,-1.0,-1.0
2016-03-24-5-39-44pm,1458812384615,1458812384000,2016-03-24-5-39-44pm,gps,1.29409423,103.77435252,11.0,65.9000015258789,-1.0,0.0
2016-03-24-5-39-49pm,1458812389968,1458812389916,2016-03-24-5-39-49pm,network,1.2941321,103.7744073,20.0,-1.0,-1.0,-1.0
2016-03-24-5-40-09pm,1458812409888,1458812409852,2016-03-24-5-40-09pm,network,1.2941269,103.7744136,20.0,-1.0,-1.0,-1.0
2016-03-24-5-40-22pm,1458812422598,1458812422000,2016-03-24-5-40-22pm,gps,1.29409914,103.77434431,52.0,91.80000305175781,-1.0,0.0
2016-03-24-5-40-29pm,1458812429857,1458812429809,2016-03-24-5-40-29pm,network,1.2941302,103.7744031,20.0,-1.0,-1.0,-1.0
2016-03-24-5-40-37pm,1458812437645,1458812437000,2016-03-24-5-40-37pm,gps,1.29410301,103.7743467,45.0,102.4000015258789,-1.0,0.0
2016-03-24-5-40-49pm,1458812449947,1458812449904,2016-03-24-5-40-49pm,network,1.294134,103.7744085,20.0,-1.0,-1.0,-1.0
2016-03-24-5-40-55pm,1458812455635,1458812455000,2016-03-24-5-40-55pm,gps,1.29411728,103.77437952,26.0,103.19999694824219,-1.0,0.0
2016-03-24-5-41-06pm,1458812466603,1458812466000,2016-03-24-5-41-06pm,gps,1.29411695,103.77437912,30.0,104.0999984741211,-1.0,0.0
2016-03-24-5-41-24pm,1458812484640,1458812484000,2016-03-24-5-41-24pm,gps,1.29412514,103.77439883,13.0,105.0,-1.0,0.0
2016-03-24-5-41-30pm,1458812490014,1458812489986,2016-03-24-5-41-29pm,network,1.2941308,103.7744364,20.0,-1.0,-1.0,-1.0
2016-03-24-5-41-38pm,1458812498605,1458812498000,2016-03-24-5-41-38pm,gps,1.29411819,103.77439183,47.0,86.0,-1.0,0.0
2016-03-24-5-41-49pm,1458812509891,1458812509852,2016-03-24-5-41-49pm,network,1.2941313,103.7744043,20.0,-1.0,-1.0,-1.0
2016-03-24-5-41-55pm,1458812515605,1458812515000,2016-03-24-5-41-55pm,gps,1.2941158,103.7743905,23.0,77.0,-1.0,0.0
2016-03-24-5-42-05pm,1458812525649,1458812525000,2016-03-24-5-42-05pm,gps,1.2941108,103.77438524,14.0,56.099998474121094,-1.0,0.0
2016-03-24-5-42-15pm,1458812535612,1458812535000,2016-03-24-5-42-15pm,gps,1.29411311,103.77439003,20.0,51.900001525878906,-1.0,0.0
2016-03-24-5-42-26pm,1458812546614,1458812546000,2016-03-24-5-42-26pm,gps,1.29411328,103.77438984,22.0,51.70000076293945,-1.0,0.0
2016-03-24-5-42-44pm,1458812564005,1458812562780,2016-03-24-5-42-42pm,gps,1.2941175,103.77438784,8.0,50.79999923706055,-1.0,0.0
2016-03-24-5-42-49pm,1458812569958,1458812569926,2016-03-24-5-42-49pm,network,1.2941223,103.7743982,20.0,-1.0,-1.0,-1.0
2016-03-24-5-43-07pm,1458812587638,1458812587000,2016-03-24-5-43-07pm,gps,1.29411711,103.77438783,44.0,49.400001525878906,-1.0,0.0
2016-03-24-5-43-28pm,1458812608631,1458812608000,2016-03-24-5-43-28pm,gps,1.29411823,103.77438876,37.0,49.400001525878906,-1.0,0.0
2016-03-24-5-43-44pm,1458812624619,1458812624000,2016-03-24-5-43-44pm,gps,1.29411931,103.77438965,14.0,48.900001525878906,-1.0,0.0
2016-03-24-5-43-49pm,1458812629975,1458812629913,2016-03-24-5-43-49pm,network,1.2941317,103.7744122,20.0,-1.0,-1.0,-1.0
2016-03-24-5-44-04pm,1458812644641,1458812644000,2016-03-24-5-44-04pm,gps,1.29412799,103.77438761,9.0,46.599998474121094,-1.0,0.0
2016-03-24-5-44-09pm,1458812649944,1458812649904,2016-03-24-5-44-09pm,network,1.2941186,103.7743992,20.0,-1.0,-1.0,-1.0
2016-03-24-5-44-15pm,1458812655630,1458812655000,2016-03-24-5-44-15pm,gps,1.2941279,103.77438787,19.0,46.599998474121094,-1.0,0.0
2016-03-24-5-44-30pm,1458812670049,1458812670014,2016-03-24-5-44-30pm,network,1.2941194,103.7743989,20.0,-1.0,-1.0,-1.0
2016-03-24-5-44-44pm,1458812684070,1458812682840,2016-03-24-5-44-42pm,gps,1.29412783,103.77438799,5.0,46.79999923706055,-1.0,0.0
2016-03-24-5-44-50pm,1458812690101,1458812690049,2016-03-24-5-44-50pm,network,1.2941314,103.7744022,20.0,-1.0,-1.0,-1.0
2016-03-24-5-45-06pm,1458812706640,1458812706000,2016-03-24-5-45-06pm,gps,1.29412817,103.77438737,32.0,47.20000076293945,-1.0,0.0
2016-03-24-5-45-24pm,1458812724014,1458812722800,2016-03-24-5-45-22pm,gps,1.29412783,103.77438776,9.0,47.5,-1.0,0.0
2016-03-24-5-45-30pm,1458812730136,1458812730086,2016-03-24-5-45-30pm,network,1.2941189,103.7744,20.0,-1.0,-1.0,-1.0
2016-03-24-5-45-37pm,1458812737632,1458812737000,2016-03-24-5-45-37pm,gps,1.29412767,103.77438791,32.0,47.400001525878906,-1.0,0.0
2016-03-24-5-45-50pm,1458812750071,1458812750032,2016-03-24-5-45-50pm,network,1.2941251,103.77438,20.0,-1.0,-1.0,-1.0
2016-03-24-5-46-04pm,1458812764048,1458812762820,2016-03-24-5-46-02pm,gps,1.29412673,103.77438723,4.0,47.599998474121094,-1.0,0.0
2016-03-24-5-46-10pm,1458812770104,1458812770073,2016-03-24-5-46-10pm,network,1.294125,103.7744007,20.0,-1.0,-1.0,-1.0
2016-03-24-5-46-30pm,1458812790074,1458812790013,2016-03-24-5-46-30pm,network,1.2941275,103.7744095,20.0,-1.0,-1.0,-1.0
2016-03-24-5-46-44pm,1458812804089,1458812802840,2016-03-24-5-46-42pm,gps,1.29412787,103.77438671,5.0,47.0,-1.0,0.0
2016-03-24-5-46-50pm,1458812810130,1458812810105,2016-03-24-5-46-50pm,network,1.2941252,103.7744027,20.0,-1.0,-1.0,-1.0
2016-03-24-5-47-04pm,1458812824108,1458812822840,2016-03-24-5-47-02pm,gps,1.29412838,103.77438661,5.0,48.099998474121094,-1.0,0.0
2016-03-24-5-47-10pm,1458812830170,1458812830117,2016-03-24-5-47-10pm,network,1.2941267,103.7743898,20.0,-1.0,-1.0,-1.0
2016-03-24-5-47-24pm,1458812844078,1458812842840,2016-03-24-5-47-22pm,gps,1.29416832,103.77436678,8.0,51.0,280.5,0.5
2016-03-24-5-47-30pm,1458812850012,1458812849986,2016-03-24-5-47-29pm,network,1.2941265,103.7744071,20.0,-1.0,-1.0,-1.0
2016-03-24-5-47-44pm,1458812864080,1458812862840,2016-03-24-5-47-42pm,gps,1.29413845,103.7743611,8.0,50.0,-1.0,0.0
2016-03-24-5-47-50pm,1458812870151,1458812870105,2016-03-24-5-47-50pm,network,1.2941229,103.7744145,20.0,-1.0,-1.0,-1.0
2016-03-24-5-47-55pm,1458812875635,1458812875000,2016-03-24-5-47-55pm,gps,1.29413088,103.77436085,18.0,48.79999923706055,-1.0,0.0
2016-03-24-5-48-24pm,1458812904643,1458812904000,2016-03-24-5-48-24pm,gps,1.29413411,103.77436328,48.0,48.099998474121094,-1.0,0.0
2016-03-24-5-48-30pm,1458812910161,1458812910123,2016-03-24-5-48-30pm,network,1.2941292,103.774413,20.0,-1.0,-1.0,-1.0
2016-03-24-5-48-36pm,1458812916017,1458812914780,2016-03-24-5-48-34pm,gps,1.29412716,103.77438969,9.0,47.29999923706055,-1.0,0.0
2016-03-24-5-48-49pm,1458812929645,1458812929000,2016-03-24-5-48-49pm,gps,1.29412667,103.77439228,22.0,47.20000076293945,-1.0,0.0
2016-03-24-5-49-06pm,1458812946061,1458812944820,2016-03-24-5-49-04pm,gps,1.29412793,103.774393,9.0,46.900001525878906,-1.0,0.0
2016-03-24-5-49-27pm,1458812967667,1458812967000,2016-03-24-5-49-27pm,gps,1.29412809,103.77438961,57.0,47.0,-1.0,0.0
2016-03-24-5-49-49pm,1458812989900,1458812989860,2016-03-24-5-49-49pm,network,1.2941803,103.7744229,20.0,-1.0,-1.0,-1.0
2016-03-24-5-50-02pm,1458813002678,1458813002000,2016-03-24-5-50-02pm,gps,1.2942849,103.77434531,13.0,21.799999237060547,-1.0,0.0
2016-03-24-5-50-10pm,1458813010071,1458813010033,2016-03-24-5-50-10pm,network,1.2941789,103.7744379,20.0,-1.0,-1.0,-1.0
2016-03-24-5-50-22pm,1458813022142,1458813020860,2016-03-24-5-50-20pm,gps,1.29463329,103.77436426,9.0,34.79999923706055,339.7,0.75
2016-03-24-5-50-32pm,1458813032112,1458813030860,2016-03-24-5-50-30pm,gps,1.29476008,103.77434337,4.0,39.5,338.1,0.75
2016-03-24-5-50-42pm,1458813042109,1458813040820,2016-03-24-5-50-40pm,gps,1.2948391399999999,103.77424421,4.0,38.29999923706055,338.7,1.25
2016-03-24-5-50-50pm,1458813050295,1458813050245,2016-03-24-5-50-50pm,network,1.2951892,103.7740551,25.0,-1.0,-1.0,-1.0
2016-03-24-5-51-10pm,1458813070315,1458813070288,2016-03-24-5-51-10pm,network,1.2952333,103.7740556,20.0,-1.0,-1.0,-1.0
2016-03-24-5-51-30pm,1458813090217,1458813090183,2016-03-24-5-51-30pm,network,1.2952304,103.7740614,20.0,-1.0,-1.0,-1.0
2016-03-24-5-51-42pm,1458813102165,1458813100880,2016-03-24-5-51-40pm,gps,1.29513736,103.77404895,3.0,33.5,-1.0,0.0
2016-03-24-5-51-52pm,1458813112124,1458813110860,2016-03-24-5-51-50pm,gps,1.29513542,103.77404711,5.0,34.5,-1.0,0.0
2016-03-24-5-52-02pm,1458813122058,1458813120840,2016-03-24-5-52-00pm,gps,1.2951369,103.77404914,4.0,34.599998474121094,-1.0,0.0
2016-03-24-5-52-10pm,1458813130347,1458813130305,2016-03-24-5-52-10pm,network,1.2951993,103.7740807,20.0,-1.0,-1.0,-1.0
2016-03-24-5-52-30pm,1458813150354,1458813150313,2016-03-24-5-52-30pm,network,1.295217,103.7740593,20.0,-1.0,-1.0,-1.0
2016-03-24-5-52-50pm,1458813170309,1458813170278,2016-03-24-5-52-50pm,network,1.2952009,103.7740651,20.0,-1.0,-1.0,-1.0
2016-03-24-5-53-10pm,1458813190297,1458813190252,2016-03-24-5-53-10pm,network,1.2951926,103.7740723,20.0,-1.0,-1.0,-1.0
2016-03-24-5-53-30pm,1458813210389,1458813210324,2016-03-24-5-53-30pm,network,1.2951879,103.7740389,20.0,-1.0,-1.0,-1.0
2016-03-24-5-53-42pm,1458813222459,1458813220860,2016-03-24-5-53-40pm,gps,1.29513267,103.77404828,7.0,35.099998474121094,-1.0,0.0
2016-03-24-5-54-02pm,1458813242150,1458813240860,2016-03-24-5-54-00pm,gps,1.29512978,103.77404995,4.0,36.099998474121094,-1.0,0.0
2016-03-24-5-54-10pm,1458813250348,1458813250294,2016-03-24-5-54-10pm,network,1.2951916,103.7740525,20.0,-1.0,-1.0,-1.0
2016-03-24-5-54-22pm,1458813262688,1458813262000,2016-03-24-5-54-22pm,gps,1.29512908,103.77404594,11.0,35.70000076293945,-1.0,0.0
2016-03-24-5-54-30pm,1458813270427,1458813270377,2016-03-24-5-54-30pm,network,1.2951986,103.7740625,20.0,-1.0,-1.0,-1.0
2016-03-24-5-54-42pm,1458813282159,1458813280840,2016-03-24-5-54-40pm,gps,1.29512569,103.77404559,4.0,35.900001525878906,-1.0,0.0
2016-03-24-5-54-50pm,1458813290409,1458813290362,2016-03-24-5-54-50pm,network,1.2951742,103.7740553,20.0,-1.0,-1.0,-1.0
2016-03-24-5-55-10pm,1458813310365,1458813310331,2016-03-24-5-55-10pm,network,1.2951698,103.7740593,20.0,-1.0,-1.0,-1.0
2016-03-24-5-55-23pm,1458813323704,1458813323000,2016-03-24-5-55-23pm,gps,1.29512417,103.77405043,14.0,37.099998474121094,-1.0,0.0
2016-03-24-5-55-30pm,1458813330419,1458813330375,2016-03-24-5-55-30pm,network,1.2951623,103.774062,20.0,-1.0,-1.0,-1.0
2016-03-24-5-55-42pm,1458813342206,1458813340860,2016-03-24-5-55-40pm,gps,1.29512507,103.77405068,5.0,37.20000076293945,-1.0,0.0
2016-03-24-5-55-50pm,1458813350302,1458813350259,2016-03-24-5-55-50pm,network,1.2951584,103.774058,20.0,-1.0,-1.0,-1.0
2016-03-24-5-56-10pm,1458813370345,1458813370303,2016-03-24-5-56-10pm,network,1.2951643,103.7740608,20.0,-1.0,-1.0,-1.0
2016-03-24-5-56-32pm,1458813392120,1458813390860,2016-03-24-5-56-30pm,gps,1.29512218,103.77404845,4.0,36.79999923706055,-1.0,0.0
2016-03-24-5-56-42pm,1458813402499,1458813400900,2016-03-24-5-56-40pm,gps,1.29512181,103.77404682,4.0,36.79999923706055,-1.0,0.0
2016-03-24-5-56-50pm,1458813410412,1458813410350,2016-03-24-5-56-50pm,network,1.2951678,103.7740303,20.0,-1.0,-1.0,-1.0
2016-03-24-5-57-10pm,1458813430471,1458813430395,2016-03-24-5-57-10pm,network,1.295177,103.7740423,20.0,-1.0,-1.0,-1.0
2016-03-24-5-57-30pm,1458813450467,1458813450408,2016-03-24-5-57-30pm,network,1.2951804,103.7740555,20.0,-1.0,-1.0,-1.0
2016-03-24-5-57-42pm,1458813462471,1458813460880,2016-03-24-5-57-40pm,gps,1.29515065,103.77403345,6.0,38.29999923706055,-1.0,0.0
2016-03-24-5-57-50pm,1458813470427,1458813470345,2016-03-24-5-57-50pm,network,1.2951769,103.7740377,20.0,-1.0,-1.0,-1.0
2016-03-24-5-58-10pm,1458813490398,1458813490368,2016-03-24-5-58-10pm,network,1.2951758,103.7740478,20.0,-1.0,-1.0,-1.0
2016-03-24-5-58-30pm,1458813510426,1458813510370,2016-03-24-5-58-30pm,network,1.2951656,103.7740523,20.0,-1.0,-1.0,-1.0
2016-03-24-5-58-50pm,1458813530350,1458813530293,2016-03-24-5-58-50pm,network,1.2951703,103.7740512,20.0,-1.0,-1.0,-1.0
2016-03-24-5-59-10pm,1458813550423,1458813550360,2016-03-24-5-59-10pm,network,1.2951754,103.7740609,20.0,-1.0,-1.0,-1.0
2016-03-24-5-59-30pm,1458813570366,1458813570283,2016-03-24-5-59-30pm,network,1.2951815,103.7740507,20.0,-1.0,-1.0,-1.0
2016-03-24-5-59-42pm,1458813582488,1458813580900,2016-03-24-5-59-40pm,gps,1.29513525,103.77401765,4.0,35.5,-1.0,0.0
2016-03-24-5-59-50pm,1458813590316,1458813590257,2016-03-24-5-59-50pm,network,1.2951758,103.7740388,20.0,-1.0,-1.0,-1.0
2016-03-24-6-00-02pm,1458813602451,1458813600880,2016-03-24-6-00-00pm,gps,1.29513613,103.77402827,5.0,36.900001525878906,-1.0,0.0
2016-03-24-6-00-10pm,1458813610456,1458813610417,2016-03-24-6-00-10pm,network,1.2951656,103.7740535,20.0,-1.0,-1.0,-1.0
2016-03-24-6-00-30pm,1458813630526,1458813630481,2016-03-24-6-00-30pm,network,1.2951673,103.7740403,20.0,-1.0,-1.0,-1.0
2016-03-24-6-00-50pm,1458813650477,1458813650426,2016-03-24-6-00-50pm,network,1.2951729,103.7740483,20.0,-1.0,-1.0,-1.0
2016-03-24-6-01-02pm,1458813662633,1458813660960,2016-03-24-6-01-00pm,gps,1.2951211,103.77403009,3.0,37.29999923706055,-1.0,0.0
2016-03-24-6-01-10pm,1458813670490,1458813670439,2016-03-24-6-01-10pm,network,1.2951689,103.7740636,20.0,-1.0,-1.0,-1.0
2016-03-24-6-01-22pm,1458813682343,1458813681020,2016-03-24-6-01-21pm,gps,1.29512585,103.77403112,4.0,36.900001525878906,-1.0,0.0
2016-03-24-6-01-30pm,1458813690467,1458813690429,2016-03-24-6-01-30pm,network,1.2951686,103.7740535,20.0,-1.0,-1.0,-1.0
2016-03-24-6-01-42pm,1458813702375,1458813701040,2016-03-24-6-01-41pm,gps,1.29512035,103.77403226,3.0,36.400001525878906,-1.0,0.0
2016-03-24-6-01-50pm,1458813710486,1458813710460,2016-03-24-6-01-50pm,network,1.2951688,103.7740617,20.0,-1.0,-1.0,-1.0
2016-03-24-6-02-02pm,1458813722460,1458813721080,2016-03-24-6-02-01pm,gps,1.29511744,103.7740294,4.0,36.400001525878906,-1.0,0.0
2016-03-24-6-02-10pm,1458813730506,1458813730458,2016-03-24-6-02-10pm,network,1.2951794,103.7740623,20.0,-1.0,-1.0,-1.0
2016-03-24-6-02-22pm,1458813742383,1458813741060,2016-03-24-6-02-21pm,gps,1.29511644,103.77403679,3.0,36.79999923706055,-1.0,0.0
2016-03-24-6-02-30pm,1458813750524,1458813750468,2016-03-24-6-02-30pm,network,1.2951701,103.7740512,20.0,-1.0,-1.0,-1.0
2016-03-24-6-02-42pm,1458813762383,1458813761040,2016-03-24-6-02-41pm,gps,1.29511245,103.77403553,3.0,36.900001525878906,-1.0,0.0
2016-03-24-6-02-50pm,1458813770505,1458813770480,2016-03-24-6-02-50pm,network,1.2951829,103.7740392,20.0,-1.0,-1.0,-1.0
2016-03-24-6-03-10pm,1458813790537,1458813790499,2016-03-24-6-03-10pm,network,1.2951698,103.7740493,20.0,-1.0,-1.0,-1.0
2016-03-24-6-03-22pm,1458813802386,1458813801060,2016-03-24-6-03-21pm,gps,1.29510897,103.77403211,4.0,36.900001525878906,-1.0,0.0
2016-03-24-6-03-30pm,1458813810531,1458813810507,2016-03-24-6-03-30pm,network,1.2951741,103.7740514,20.0,-1.0,-1.0,-1.0
2016-03-24-6-03-52pm,1458813832284,1458813831040,2016-03-24-6-03-51pm,gps,1.29510476,103.77403473,4.0,37.79999923706055,-1.0,0.0
2016-03-24-6-04-02pm,1458813842317,1458813841040,2016-03-24-6-04-01pm,gps,1.29510259,103.77403381,3.0,37.400001525878906,-1.0,0.0
2016-03-24-6-04-10pm,1458813850632,1458813850585,2016-03-24-6-04-10pm,network,1.2952013,103.7740664,20.0,-1.0,-1.0,-1.0
2016-03-24-6-04-22pm,1458813862421,1458813861060,2016-03-24-6-04-21pm,gps,1.29510174,103.77403453,3.0,37.400001525878906,-1.0,0.0
2016-03-24-6-04-32pm,1458813872344,1458813871040,2016-03-24-6-04-31pm,gps,1.29509985,103.77403402,3.0,37.70000076293945,-1.0,0.0
2016-03-24-6-04-42pm,1458813882430,1458813881060,2016-03-24-6-04-41pm,gps,1.29509924,103.77403297,4.0,37.5,-1.0,0.0
2016-03-24-6-04-50pm,1458813890579,1458813890533,2016-03-24-6-04-50pm,network,1.2951886,103.7740579,20.0,-1.0,-1.0,-1.0
2016-03-24-6-05-10pm,1458813910579,1458813910522,2016-03-24-6-05-10pm,network,1.2951888,103.774053,20.0,-1.0,-1.0,-1.0
