2016-03-24-3-56-37pm,1458806197197,5.000305,3
2016-03-24-4-11-28pm,1458807088938,0.0,3
2016-03-24-4-11-29pm,1458807089139,5.000305,3
2016-03-24-4-11-31pm,1458807091975,0.0,3
2016-03-24-4-11-33pm,1458807093809,5.000305,3
2016-03-24-4-12-17pm,1458807137297,0.0,3
2016-03-24-4-12-18pm,1458807138728,5.000305,3
2016-03-24-4-12-40pm,1458807160064,0.0,3
2016-03-24-4-12-40pm,1458807160692,5.000305,3
2016-03-24-4-14-01pm,1458807241428,0.0,3
2016-03-24-4-14-01pm,1458807241853,5.000305,3
2016-03-24-4-27-06pm,1458808026637,0.0,3
2016-03-24-4-27-06pm,1458808026887,5.000305,3
2016-03-24-4-54-47pm,1458809687957,0.0,3
2016-03-24-4-54-48pm,1458809688672,5.000305,3
2016-03-24-4-54-49pm,1458809689686,0.0,3
2016-03-24-4-54-50pm,1458809690082,5.000305,3
2016-03-24-4-59-59pm,1458809999060,0.0,3
2016-03-24-4-59-59pm,1458809999067,5.000305,3
2016-03-24-5-04-22pm,1458810262021,0.0,3
2016-03-24-5-04-22pm,1458810262335,5.000305,3
2016-03-24-5-04-36pm,1458810276037,0.0,3
2016-03-24-5-04-36pm,1458810276921,5.000305,3
2016-03-24-5-04-38pm,1458810278940,0.0,3
2016-03-24-5-04-39pm,1458810279276,5.000305,3
2016-03-24-5-13-25pm,1458810805449,0.0,3
2016-03-24-5-13-25pm,1458810805625,5.000305,3
2016-03-24-5-13-38pm,1458810818518,0.0,3
2016-03-24-5-13-38pm,1458810818721,5.000305,3
2016-03-24-5-13-39pm,1458810819247,0.0,3
2016-03-24-5-13-39pm,1458810819323,5.000305,3
2016-03-24-5-17-33pm,1458811053995,0.0,3
2016-03-24-5-17-34pm,1458811054452,5.000305,3
2016-03-24-5-17-34pm,1458811054783,0.0,3
2016-03-24-5-17-35pm,1458811055887,5.000305,3
2016-03-24-5-17-36pm,1458811056244,0.0,3
2016-03-24-5-17-40pm,1458811060218,5.000305,3
2016-03-24-5-19-07pm,1458811147247,0.0,3
2016-03-24-5-19-09pm,1458811149090,5.000305,3
2016-03-24-5-35-28pm,1458812128838,0.0,3
2016-03-24-5-35-28pm,1458812128859,5.000305,3
